Tempo ( s )	Posicao angular ( rad )
0.0000	0.000
0.0050	0.000
0.0100	0.000
0.0150	0.000
0.0200	0.000
0.0250	0.000
0.0300	0.000
0.0350	0.000
0.0400	0.000
0.0450	0.000
0.0500	0.000
0.0550	0.000
0.0600	0.000
0.0650	0.000
0.0700	0.000
0.0750	0.000
0.0800	0.000
0.0850	0.000
0.0900	0.000
0.0950	0.000
0.1000	0.000
0.1050	0.000
0.1100	0.000
0.1150	0.000
0.1200	0.000
0.1250	0.000
0.1300	0.000
0.1350	0.000
0.1400	0.000
0.1450	0.000
0.1500	0.000
0.1550	0.000
0.1600	0.000
0.1650	0.000
0.1700	0.000
0.1750	0.000
0.1800	0.000
0.1850	0.000
0.1900	0.000
0.1950	0.000
0.2000	0.000
0.2050	0.000
0.2100	0.000
0.2150	0.000
0.2200	0.000
0.2250	0.000
0.2300	0.000
0.2350	0.000
0.2400	0.000
0.2450	0.000
0.2500	0.000
0.2550	0.000
0.2600	0.000
0.2650	0.000
0.2700	0.000
0.2750	0.000
0.2800	0.000
0.2850	0.000
0.2900	0.000
0.2950	0.000
0.3000	0.000
0.3050	0.000
0.3100	0.000
0.3150	0.000
0.3200	0.000
0.3250	0.000
0.3300	0.000
0.3350	0.000
0.3400	0.000
0.3450	0.000
0.3500	0.000
0.3550	0.000
0.3600	0.000
0.3650	0.000
0.3700	0.000
0.3750	0.000
0.3800	0.000
0.3850	0.000
0.3900	0.000
0.3950	0.000
0.4000	0.000
0.4050	0.000
0.4100	0.000
0.4150	0.000
0.4200	0.000
0.4250	0.000
0.4300	0.000
0.4350	0.000
0.4400	0.000
0.4450	0.000
0.4500	0.000
0.4550	0.000
0.4600	0.000
0.4650	0.000
0.4700	0.000
0.4750	0.000
0.4800	0.000
0.4850	0.000
0.4900	0.000
0.4950	0.000
0.5000	0.000
0.5050	0.000
0.5100	0.000
0.5150	0.000
0.5200	0.000
0.5250	0.000
0.5300	0.000
0.5350	0.000
0.5400	0.000
0.5450	0.000
0.5500	0.000
0.5550	0.000
0.5600	0.000
0.5650	0.000
0.5700	0.000
0.5750	0.000
0.5800	0.000
0.5850	0.000
0.5900	0.000
0.5950	0.000
0.6000	0.000
0.6050	0.000
0.6100	0.000
0.6150	0.000
0.6200	0.000
0.6250	0.000
0.6300	0.000
0.6350	0.000
0.6400	0.000
0.6450	0.000
0.6500	0.000
0.6550	0.000
0.6600	0.000
0.6650	0.000
0.6700	0.000
0.6750	0.000
0.6800	0.000
0.6850	0.000
0.6900	0.000
0.6950	0.000
0.7000	0.000
0.7050	0.000
0.7100	0.000
0.7150	0.000
0.7200	0.000
0.7250	0.000
0.7300	0.000
0.7350	0.000
0.7400	0.000
0.7450	0.000
0.7500	0.000
0.7550	0.000
0.7600	0.000
0.7650	0.000
0.7700	0.000
0.7750	0.000
0.7800	0.000
0.7850	0.000
0.7900	0.000
0.7950	0.000
0.8000	0.002
0.8050	0.005
0.8100	0.008
0.8150	0.011
0.8200	0.016
0.8250	0.020
0.8300	0.027
0.8350	0.035
0.8400	0.041
0.8450	0.049
0.8500	0.057
0.8550	0.064
0.8600	0.072
0.8650	0.082
0.8700	0.090
0.8750	0.099
0.8800	0.107
0.8850	0.115
0.8900	0.123
0.8950	0.130
0.9000	0.137
0.9050	0.145
0.9100	0.152
0.9150	0.160
0.9200	0.167
0.9250	0.173
0.9300	0.179
0.9350	0.185
0.9400	0.192
0.9450	0.196
0.9500	0.203
0.9550	0.207
0.9600	0.212
0.9650	0.217
0.9700	0.221
0.9750	0.225
0.9800	0.229
0.9850	0.232
0.9900	0.236
0.9950	0.239
1.0000	0.240
1.0050	0.243
1.0100	0.245
1.0150	0.245
1.0200	0.247
1.0250	0.248
1.0300	0.248
1.0350	0.248
1.0400	0.248
1.0450	0.248
1.0500	0.248
1.0550	0.248
1.0600	0.247
1.0650	0.245
1.0700	0.243
1.0750	0.240
1.0800	0.237
1.0850	0.234
1.0900	0.231
1.0950	0.226
1.1000	0.223
1.1050	0.218
1.1100	0.214
1.1150	0.209
1.1200	0.204
1.1250	0.199
1.1300	0.195
1.1350	0.188
1.1400	0.182
1.1450	0.176
1.1500	0.170
1.1550	0.162
1.1600	0.156
1.1650	0.148
1.1700	0.141
1.1750	0.134
1.1800	0.126
1.1850	0.118
1.1900	0.110
1.1950	0.102
1.2000	0.093
1.2050	0.085
1.2100	0.075
1.2150	0.068
1.2200	0.058
1.2250	0.050
1.2300	0.041
1.2350	0.031
1.2400	0.024
1.2450	0.014
1.2500	0.005
1.2550	-0.005
1.2600	-0.013
1.2650	-0.022
1.2700	-0.031
1.2750	-0.039
1.2800	-0.049
1.2850	-0.058
1.2900	-0.066
1.2950	-0.075
1.3000	-0.083
1.3050	-0.093
1.3100	-0.101
1.3150	-0.108
1.3200	-0.116
1.3250	-0.124
1.3300	-0.132
1.3350	-0.140
1.3400	-0.146
1.3450	-0.154
1.3500	-0.160
1.3550	-0.168
1.3600	-0.174
1.3650	-0.181
1.3700	-0.187
1.3750	-0.192
1.3800	-0.198
1.3850	-0.203
1.3900	-0.209
1.3950	-0.214
1.4000	-0.217
1.4050	-0.221
1.4100	-0.226
1.4150	-0.229
1.4200	-0.232
1.4250	-0.236
1.4300	-0.237
1.4350	-0.240
1.4400	-0.242
1.4450	-0.245
1.4500	-0.247
1.4550	-0.247
1.4600	-0.248
1.4650	-0.248
1.4700	-0.248
1.4750	-0.248
1.4800	-0.248
1.4850	-0.248
1.4900	-0.247
1.4950	-0.245
1.5000	-0.243
1.5050	-0.240
1.5100	-0.239
1.5150	-0.236
1.5200	-0.232
1.5250	-0.229
1.5300	-0.226
1.5350	-0.221
1.5400	-0.218
1.5450	-0.214
1.5500	-0.209
1.5550	-0.203
1.5600	-0.198
1.5650	-0.192
1.5700	-0.187
1.5750	-0.181
1.5800	-0.174
1.5850	-0.168
1.5900	-0.162
1.5950	-0.154
1.6000	-0.146
1.6050	-0.140
1.6100	-0.132
1.6150	-0.124
1.6200	-0.116
1.6250	-0.108
1.6300	-0.101
1.6350	-0.091
1.6400	-0.083
1.6450	-0.075
1.6500	-0.066
1.6550	-0.058
1.6600	-0.049
1.6650	-0.041
1.6700	-0.031
1.6750	-0.022
1.6800	-0.014
1.6850	-0.005
1.6900	0.005
1.6950	0.014
1.7000	0.022
1.7050	0.031
1.7100	0.039
1.7150	0.049
1.7200	0.058
1.7250	0.066
1.7300	0.075
1.7350	0.083
1.7400	0.091
1.7450	0.101
1.7500	0.108
1.7550	0.116
1.7600	0.124
1.7650	0.132
1.7700	0.138
1.7750	0.146
1.7800	0.152
1.7850	0.160
1.7900	0.167
1.7950	0.173
1.8000	0.179
1.8050	0.185
1.8100	0.190
1.8150	0.196
1.8200	0.201
1.8250	0.206
1.8300	0.210
1.8350	0.215
1.8400	0.220
1.8450	0.223
1.8500	0.226
1.8550	0.231
1.8600	0.232
1.8650	0.236
1.8700	0.239
1.8750	0.240
1.8800	0.242
1.8850	0.243
1.8900	0.243
1.8950	0.245
1.9000	0.245
1.9050	0.245
1.9100	0.245
1.9150	0.245
1.9200	0.245
1.9250	0.243
1.9300	0.242
1.9350	0.240
1.9400	0.237
1.9450	0.236
1.9500	0.232
1.9550	0.229
1.9600	0.226
1.9650	0.223
1.9700	0.218
1.9750	0.214
1.9800	0.209
1.9850	0.204
1.9900	0.199
1.9950	0.195
2.0000	0.188
2.0050	0.182
2.0100	0.176
2.0150	0.170
2.0200	0.163
2.0250	0.157
2.0300	0.149
2.0350	0.143
2.0400	0.135
2.0450	0.129
2.0500	0.121
2.0550	0.113
2.0600	0.105
2.0650	0.096
2.0700	0.088
2.0750	0.080
2.0800	0.071
2.0850	0.063
2.0900	0.053
2.0950	0.046
2.1000	0.036
2.1050	0.028
2.1100	0.019
2.1150	0.009
2.1200	0.002
2.1250	-0.008
2.1300	-0.017
2.1350	-0.025
2.1400	-0.035
2.1450	-0.044
2.1500	-0.052
2.1550	-0.061
2.1600	-0.069
2.1650	-0.079
2.1700	-0.086
2.1750	-0.094
2.1800	-0.102
2.1850	-0.110
2.1900	-0.118
2.1950	-0.126
2.2000	-0.134
2.2050	-0.141
2.2100	-0.148
2.2150	-0.156
2.2200	-0.162
2.2250	-0.168
2.2300	-0.174
2.2350	-0.181
2.2400	-0.187
2.2450	-0.192
2.2500	-0.198
2.2550	-0.203
2.2600	-0.207
2.2650	-0.212
2.2700	-0.217
2.2750	-0.220
2.2800	-0.225
2.2850	-0.228
2.2900	-0.231
2.2950	-0.232
2.3000	-0.236
2.3050	-0.239
2.3100	-0.240
2.3150	-0.242
2.3200	-0.243
2.3250	-0.243
2.3300	-0.245
2.3350	-0.245
2.3400	-0.245
2.3450	-0.245
2.3500	-0.245
2.3550	-0.243
2.3600	-0.242
2.3650	-0.240
2.3700	-0.239
2.3750	-0.237
2.3800	-0.234
2.3850	-0.231
2.3900	-0.228
2.3950	-0.225
2.4000	-0.221
2.4050	-0.217
2.4100	-0.212
2.4150	-0.207
2.4200	-0.203
2.4250	-0.198
2.4300	-0.193
2.4350	-0.187
2.4400	-0.181
2.4450	-0.174
2.4500	-0.168
2.4550	-0.162
2.4600	-0.156
2.4650	-0.149
2.4700	-0.141
2.4750	-0.134
2.4800	-0.127
2.4850	-0.119
2.4900	-0.112
2.4950	-0.104
2.5000	-0.096
2.5050	-0.086
2.5100	-0.079
2.5150	-0.071
2.5200	-0.061
2.5250	-0.053
2.5300	-0.044
2.5350	-0.036
2.5400	-0.027
2.5450	-0.017
2.5500	-0.009
2.5550	0.000
2.5600	0.008
2.5650	0.017
2.5700	0.027
2.5750	0.035
2.5800	0.044
2.5850	0.052
2.5900	0.061
2.5950	0.069
2.6000	0.077
2.6050	0.086
2.6100	0.094
2.6150	0.102
2.6200	0.110
2.6250	0.118
2.6300	0.126
2.6350	0.134
2.6400	0.140
2.6450	0.148
2.6500	0.154
2.6550	0.160
2.6600	0.167
2.6650	0.173
2.6700	0.179
2.6750	0.185
2.6800	0.190
2.6850	0.196
2.6900	0.201
2.6950	0.206
2.7000	0.210
2.7050	0.215
2.7100	0.218
2.7150	0.221
2.7200	0.225
2.7250	0.228
2.7300	0.231
2.7350	0.234
2.7400	0.236
2.7450	0.237
2.7500	0.239
2.7550	0.240
2.7600	0.240
2.7650	0.242
2.7700	0.242
2.7750	0.242
2.7800	0.242
2.7850	0.242
2.7900	0.240
2.7950	0.239
2.8000	0.237
2.8050	0.236
2.8100	0.232
2.8150	0.231
2.8200	0.228
2.8250	0.225
2.8300	0.221
2.8350	0.217
2.8400	0.214
2.8450	0.209
2.8500	0.204
2.8550	0.199
2.8600	0.195
2.8650	0.188
2.8700	0.184
2.8750	0.178
2.8800	0.171
2.8850	0.165
2.8900	0.159
2.8950	0.151
2.9000	0.145
2.9050	0.138
2.9100	0.130
2.9150	0.123
2.9200	0.115
2.9250	0.107
2.9300	0.099
2.9350	0.091
2.9400	0.083
2.9450	0.075
2.9500	0.066
2.9550	0.058
2.9600	0.049
2.9650	0.041
2.9700	0.031
2.9750	0.024
2.9800	0.014
2.9850	0.006
2.9900	-0.003
2.9950	-0.013
3.0000	-0.020
3.0050	-0.030
3.0100	-0.038
3.0150	-0.047
3.0200	-0.055
3.0250	-0.064
3.0300	-0.072
3.0350	-0.080
3.0400	-0.088
3.0450	-0.097
3.0500	-0.105
3.0550	-0.113
3.0600	-0.121
3.0650	-0.127
3.0700	-0.135
3.0750	-0.143
3.0800	-0.149
3.0850	-0.156
3.0900	-0.163
3.0950	-0.170
3.1000	-0.176
3.1050	-0.181
3.1100	-0.187
3.1150	-0.192
3.1200	-0.198
3.1250	-0.203
3.1300	-0.207
3.1350	-0.212
3.1400	-0.215
3.1450	-0.220
3.1500	-0.223
3.1550	-0.226
3.1600	-0.229
3.1650	-0.231
3.1700	-0.234
3.1750	-0.236
3.1800	-0.237
3.1850	-0.239
3.1900	-0.240
3.1950	-0.240
3.2000	-0.242
3.2050	-0.242
3.2100	-0.242
3.2150	-0.242
3.2200	-0.240
3.2250	-0.240
3.2300	-0.239
3.2350	-0.237
3.2400	-0.234
3.2450	-0.232
3.2500	-0.229
3.2550	-0.226
3.2600	-0.223
3.2650	-0.220
3.2700	-0.217
3.2750	-0.212
3.2800	-0.207
3.2850	-0.203
3.2900	-0.198
3.2950	-0.193
3.3000	-0.187
3.3050	-0.182
3.3100	-0.176
3.3150	-0.170
3.3200	-0.163
3.3250	-0.157
3.3300	-0.151
3.3350	-0.143
3.3400	-0.137
3.3450	-0.129
3.3500	-0.121
3.3550	-0.113
3.3600	-0.105
3.3650	-0.097
3.3700	-0.090
3.3750	-0.082
3.3800	-0.074
3.3850	-0.064
3.3900	-0.057
3.3950	-0.049
3.4000	-0.039
3.4050	-0.031
3.4100	-0.022
3.4150	-0.014
3.4200	-0.005
3.4250	0.003
3.4300	0.013
3.4350	0.020
3.4400	0.030
3.4450	0.039
3.4500	0.047
3.4550	0.055
3.4600	0.064
3.4650	0.072
3.4700	0.080
3.4750	0.088
3.4800	0.097
3.4850	0.105
3.4900	0.112
3.4950	0.119
3.5000	0.127
3.5050	0.135
3.5100	0.141
3.5150	0.149
3.5200	0.156
3.5250	0.162
3.5300	0.168
3.5350	0.174
3.5400	0.179
3.5450	0.185
3.5500	0.190
3.5550	0.196
3.5600	0.201
3.5650	0.206
3.5700	0.209
3.5750	0.214
3.5800	0.217
3.5850	0.220
3.5900	0.225
3.5950	0.226
3.6000	0.229
3.6050	0.231
3.6100	0.234
3.6150	0.236
3.6200	0.236
3.6250	0.237
3.6300	0.237
3.6350	0.239
3.6400	0.239
3.6450	0.239
3.6500	0.239
3.6550	0.239
3.6600	0.237
3.6650	0.236
3.6700	0.234
3.6750	0.231
3.6800	0.229
3.6850	0.226
3.6900	0.223
3.6950	0.220
3.7000	0.217
3.7050	0.212
3.7100	0.209
3.7150	0.204
3.7200	0.199
3.7250	0.195
3.7300	0.188
3.7350	0.184
3.7400	0.178
3.7450	0.171
3.7500	0.167
3.7550	0.160
3.7600	0.152
3.7650	0.146
3.7700	0.140
3.7750	0.132
3.7800	0.124
3.7850	0.118
3.7900	0.110
3.7950	0.102
3.8000	0.094
3.8050	0.086
3.8100	0.079
3.8150	0.069
3.8200	0.061
3.8250	0.053
3.8300	0.044
3.8350	0.036
3.8400	0.027
3.8450	0.019
3.8500	0.009
3.8550	0.002
3.8600	-0.008
3.8650	-0.016
3.8700	-0.025
3.8750	-0.033
3.8800	-0.042
3.8850	-0.050
3.8900	-0.058
3.8950	-0.068
3.9000	-0.075
3.9050	-0.083
3.9100	-0.091
3.9150	-0.099
3.9200	-0.107
3.9250	-0.115
3.9300	-0.123
3.9350	-0.129
3.9400	-0.137
3.9450	-0.145
3.9500	-0.151
3.9550	-0.157
3.9600	-0.163
3.9650	-0.170
3.9700	-0.176
3.9750	-0.181
3.9800	-0.187
3.9850	-0.192
3.9900	-0.196
3.9950	-0.201
4.0000	-0.206
4.0050	-0.210
4.0100	-0.214
4.0150	-0.218
4.0200	-0.221
4.0250	-0.225
4.0300	-0.228
4.0350	-0.229
4.0400	-0.232
4.0450	-0.234
4.0500	-0.236
4.0550	-0.236
4.0600	-0.237
4.0650	-0.237
4.0700	-0.239
4.0750	-0.239
4.0800	-0.239
4.0850	-0.239
4.0900	-0.237
4.0950	-0.236
4.1000	-0.234
4.1050	-0.232
4.1100	-0.231
4.1150	-0.228
4.1200	-0.225
4.1250	-0.221
4.1300	-0.218
4.1350	-0.215
4.1400	-0.212
4.1450	-0.207
4.1500	-0.203
4.1550	-0.198
4.1600	-0.193
4.1650	-0.188
4.1700	-0.182
4.1750	-0.176
4.1800	-0.171
4.1850	-0.165
4.1900	-0.159
4.1950	-0.151
4.2000	-0.145
4.2050	-0.138
4.2100	-0.130
4.2150	-0.124
4.2200	-0.116
4.2250	-0.108
4.2300	-0.101
4.2350	-0.093
4.2400	-0.085
4.2450	-0.077
4.2500	-0.069
4.2550	-0.060
4.2600	-0.052
4.2650	-0.044
4.2700	-0.035
4.2750	-0.027
4.2800	-0.017
4.2850	-0.009
4.2900	0.000
4.2950	0.008
4.3000	0.017
4.3050	0.025
4.3100	0.033
4.3150	0.042
4.3200	0.050
4.3250	0.058
4.3300	0.068
4.3350	0.075
4.3400	0.083
4.3450	0.091
4.3500	0.099
4.3550	0.107
4.3600	0.115
4.3650	0.123
4.3700	0.129
4.3750	0.137
4.3800	0.143
4.3850	0.149
4.3900	0.156
4.3950	0.162
4.4000	0.168
4.4050	0.174
4.4100	0.181
4.4150	0.185
4.4200	0.190
4.4250	0.195
4.4300	0.199
4.4350	0.204
4.4400	0.209
4.4450	0.212
4.4500	0.215
4.4550	0.220
4.4600	0.221
4.4650	0.225
4.4700	0.228
4.4750	0.229
4.4800	0.231
4.4850	0.232
4.4900	0.234
4.4950	0.234
4.5000	0.236
4.5050	0.236
4.5100	0.236
4.5150	0.236
4.5200	0.236
4.5250	0.234
4.5300	0.232
4.5350	0.231
4.5400	0.229
4.5450	0.228
4.5500	0.225
4.5550	0.221
4.5600	0.218
4.5650	0.215
4.5700	0.212
4.5750	0.207
4.5800	0.204
4.5850	0.199
4.5900	0.195
4.5950	0.188
4.6000	0.184
4.6050	0.179
4.6100	0.173
4.6150	0.167
4.6200	0.160
4.6250	0.154
4.6300	0.148
4.6350	0.141
4.6400	0.134
4.6450	0.127
4.6500	0.119
4.6550	0.112
4.6600	0.105
4.6650	0.097
4.6700	0.090
4.6750	0.080
4.6800	0.072
4.6850	0.064
4.6900	0.057
4.6950	0.047
4.7000	0.039
4.7050	0.031
4.7100	0.022
4.7150	0.014
4.7200	0.005
4.7250	-0.003
4.7300	-0.013
4.7350	-0.020
4.7400	-0.028
4.7450	-0.038
4.7500	-0.046
4.7550	-0.053
4.7600	-0.063
4.7650	-0.071
4.7700	-0.079
4.7750	-0.086
4.7800	-0.094
4.7850	-0.102
4.7900	-0.110
4.7950	-0.116
4.8000	-0.124
4.8050	-0.132
4.8100	-0.138
4.8150	-0.145
4.8200	-0.152
4.8250	-0.159
4.8300	-0.165
4.8350	-0.170
4.8400	-0.176
4.8450	-0.182
4.8500	-0.187
4.8550	-0.192
4.8600	-0.196
4.8650	-0.201
4.8700	-0.206
4.8750	-0.209
4.8800	-0.214
4.8850	-0.217
4.8900	-0.220
4.8950	-0.223
4.9000	-0.226
4.9050	-0.228
4.9100	-0.229
4.9150	-0.231
4.9200	-0.232
4.9250	-0.234
4.9300	-0.234
4.9350	-0.236
4.9400	-0.236
4.9450	-0.236
4.9500	-0.236
4.9550	-0.234
4.9600	-0.234
4.9650	-0.232
4.9700	-0.231
4.9750	-0.228
4.9800	-0.226
4.9850	-0.223
4.9900	-0.221
4.9950	-0.218
5.0000	-0.214
5.0050	-0.210
5.0100	-0.206
5.0150	-0.203
5.0200	-0.198
5.0250	-0.193
5.0300	-0.188
5.0350	-0.182
5.0400	-0.178
5.0450	-0.171
5.0500	-0.165
5.0550	-0.159
5.0600	-0.152
5.0650	-0.146
5.0700	-0.140
5.0750	-0.132
5.0800	-0.126
5.0850	-0.118
5.0900	-0.110
5.0950	-0.104
5.1000	-0.096
5.1050	-0.088
5.1100	-0.080
5.1150	-0.072
5.1200	-0.063
5.1250	-0.055
5.1300	-0.047
5.1350	-0.038
5.1400	-0.030
5.1450	-0.022
5.1500	-0.013
5.1550	-0.005
5.1600	0.003
5.1650	0.013
5.1700	0.020
5.1750	0.030
5.1800	0.038
5.1850	0.046
5.1900	0.055
5.1950	0.063
5.2000	0.071
5.2050	0.079
5.2100	0.086
5.2150	0.094
5.2200	0.102
5.2250	0.110
5.2300	0.116
5.2350	0.124
5.2400	0.130
5.2450	0.138
5.2500	0.145
5.2550	0.151
5.2600	0.157
5.2650	0.163
5.2700	0.170
5.2750	0.174
5.2800	0.181
5.2850	0.185
5.2900	0.190
5.2950	0.195
5.3000	0.199
5.3050	0.204
5.3100	0.207
5.3150	0.212
5.3200	0.215
5.3250	0.218
5.3300	0.220
5.3350	0.223
5.3400	0.225
5.3450	0.228
5.3500	0.229
5.3550	0.229
5.3600	0.231
5.3650	0.231
5.3700	0.232
5.3750	0.232
5.3800	0.232
5.3850	0.232
5.3900	0.232
5.3950	0.231
5.4000	0.229
5.4050	0.228
5.4100	0.225
5.4150	0.223
5.4200	0.220
5.4250	0.217
5.4300	0.214
5.4350	0.210
5.4400	0.207
5.4450	0.203
5.4500	0.198
5.4550	0.193
5.4600	0.188
5.4650	0.184
5.4700	0.179
5.4750	0.173
5.4800	0.168
5.4850	0.162
5.4900	0.156
5.4950	0.149
5.5000	0.141
5.5050	0.135
5.5100	0.129
5.5150	0.121
5.5200	0.115
5.5250	0.107
5.5300	0.099
5.5350	0.091
5.5400	0.083
5.5450	0.075
5.5500	0.068
5.5550	0.060
5.5600	0.052
5.5650	0.042
5.5700	0.035
5.5750	0.027
5.5800	0.017
5.5850	0.009
5.5900	0.002
5.5950	-0.008
5.6000	-0.016
5.6050	-0.025
5.6100	-0.033
5.6150	-0.041
5.6200	-0.049
5.6250	-0.057
5.6300	-0.066
5.6350	-0.074
5.6400	-0.082
5.6450	-0.090
5.6500	-0.097
5.6550	-0.104
5.6600	-0.112
5.6650	-0.119
5.6700	-0.126
5.6750	-0.134
5.6800	-0.140
5.6850	-0.146
5.6900	-0.152
5.6950	-0.159
5.7000	-0.165
5.7050	-0.171
5.7100	-0.176
5.7150	-0.182
5.7200	-0.187
5.7250	-0.192
5.7300	-0.196
5.7350	-0.201
5.7400	-0.204
5.7450	-0.209
5.7500	-0.212
5.7550	-0.215
5.7600	-0.218
5.7650	-0.221
5.7700	-0.223
5.7750	-0.226
5.7800	-0.228
5.7850	-0.229
5.7900	-0.229
5.7950	-0.231
5.8000	-0.231
5.8050	-0.232
5.8100	-0.232
5.8150	-0.232
5.8200	-0.232
5.8250	-0.231
5.8300	-0.229
5.8350	-0.228
5.8400	-0.226
5.8450	-0.225
5.8500	-0.221
5.8550	-0.220
5.8600	-0.217
5.8650	-0.214
5.8700	-0.209
5.8750	-0.206
5.8800	-0.201
5.8850	-0.196
5.8900	-0.193
5.8950	-0.187
5.9000	-0.182
5.9050	-0.178
5.9100	-0.171
5.9150	-0.167
5.9200	-0.160
5.9250	-0.154
5.9300	-0.148
5.9350	-0.140
5.9400	-0.134
5.9450	-0.127
5.9500	-0.119
5.9550	-0.113
5.9600	-0.105
5.9650	-0.097
5.9700	-0.090
5.9750	-0.082
5.9800	-0.074
5.9850	-0.066
5.9900	-0.058
5.9950	-0.050
6.0000	-0.042
6.0050	-0.033
6.0100	-0.025
6.0150	-0.017
6.0200	-0.008
6.0250	0.000
6.0300	0.008
6.0350	0.017
6.0400	0.025
6.0450	0.033
6.0500	0.041
6.0550	0.050
6.0600	0.058
6.0650	0.066
6.0700	0.074
6.0750	0.082
6.0800	0.090
6.0850	0.097
6.0900	0.105
6.0950	0.112
6.1000	0.119
6.1050	0.126
6.1100	0.134
6.1150	0.140
6.1200	0.146
6.1250	0.152
6.1300	0.159
6.1350	0.165
6.1400	0.170
6.1450	0.176
6.1500	0.181
6.1550	0.185
6.1600	0.190
6.1650	0.195
6.1700	0.199
6.1750	0.203
6.1800	0.207
6.1850	0.210
6.1900	0.214
6.1950	0.217
6.2000	0.218
6.2050	0.221
6.2100	0.223
6.2150	0.225
6.2200	0.226
6.2250	0.228
6.2300	0.228
6.2350	0.229
6.2400	0.229
6.2450	0.229
6.2500	0.229
6.2550	0.229
6.2600	0.228
6.2650	0.226
6.2700	0.225
6.2750	0.223
6.2800	0.221
6.2850	0.218
6.2900	0.215
6.2950	0.212
6.3000	0.209
6.3050	0.206
6.3100	0.201
6.3150	0.198
6.3200	0.193
6.3250	0.188
6.3300	0.184
6.3350	0.179
6.3400	0.173
6.3450	0.168
6.3500	0.162
6.3550	0.156
6.3600	0.149
6.3650	0.143
6.3700	0.137
6.3750	0.130
6.3800	0.123
6.3850	0.116
6.3900	0.108
6.3950	0.101
6.4000	0.094
6.4050	0.086
6.4100	0.079
6.4150	0.071
6.4200	0.063
6.4250	0.055
6.4300	0.046
6.4350	0.038
6.4400	0.030
6.4450	0.022
6.4500	0.013
6.4550	0.005
6.4600	-0.003
6.4650	-0.013
6.4700	-0.020
6.4750	-0.028
6.4800	-0.036
6.4850	-0.044
6.4900	-0.053
6.4950	-0.061
6.5000	-0.069
6.5050	-0.077
6.5100	-0.085
6.5150	-0.093
6.5200	-0.099
6.5250	-0.107
6.5300	-0.115
6.5350	-0.121
6.5400	-0.129
6.5450	-0.135
6.5500	-0.141
6.5550	-0.148
6.5600	-0.154
6.5650	-0.160
6.5700	-0.167
6.5750	-0.171
6.5800	-0.178
6.5850	-0.182
6.5900	-0.187
6.5950	-0.192
6.6000	-0.196
6.6050	-0.201
6.6100	-0.204
6.6150	-0.207
6.6200	-0.210
6.6250	-0.214
6.6300	-0.217
6.6350	-0.220
6.6400	-0.221
6.6450	-0.223
6.6500	-0.225
6.6550	-0.226
6.6600	-0.228
6.6650	-0.228
6.6700	-0.228
6.6750	-0.229
6.6800	-0.229
6.6850	-0.229
6.6900	-0.228
6.6950	-0.228
6.7000	-0.226
6.7050	-0.225
6.7100	-0.221
6.7150	-0.220
6.7200	-0.217
6.7250	-0.215
6.7300	-0.212
6.7350	-0.207
6.7400	-0.204
6.7450	-0.201
6.7500	-0.196
6.7550	-0.192
6.7600	-0.187
6.7650	-0.182
6.7700	-0.178
6.7750	-0.171
6.7800	-0.167
6.7850	-0.160
6.7900	-0.154
6.7950	-0.148
6.8000	-0.141
6.8050	-0.135
6.8100	-0.129
6.8150	-0.121
6.8200	-0.115
6.8250	-0.107
6.8300	-0.099
6.8350	-0.093
6.8400	-0.085
6.8450	-0.077
6.8500	-0.069
6.8550	-0.061
6.8600	-0.053
6.8650	-0.046
6.8700	-0.036
6.8750	-0.028
6.8800	-0.020
6.8850	-0.013
6.8900	-0.005
6.8950	0.005
6.9000	0.013
6.9050	0.020
6.9100	0.028
6.9150	0.038
6.9200	0.046
6.9250	0.053
6.9300	0.061
6.9350	0.069
6.9400	0.077
6.9450	0.085
6.9500	0.093
6.9550	0.099
6.9600	0.107
6.9650	0.115
6.9700	0.121
6.9750	0.127
6.9800	0.135
6.9850	0.141
6.9900	0.148
6.9950	0.154
7.0000	0.159
7.0050	0.165
7.0100	0.171
7.0150	0.176
7.0200	0.181
7.0250	0.185
7.0300	0.190
7.0350	0.195
7.0400	0.198
7.0450	0.203
7.0500	0.206
7.0550	0.209
7.0600	0.212
7.0650	0.215
7.0700	0.217
7.0750	0.220
7.0800	0.221
7.0850	0.223
7.0900	0.223
7.0950	0.225
7.1000	0.225
7.1050	0.226
7.1100	0.226
7.1150	0.226
7.1200	0.226
7.1250	0.225
7.1300	0.225
7.1350	0.223
7.1400	0.221
7.1450	0.218
7.1500	0.217
7.1550	0.214
7.1600	0.210
7.1650	0.207
7.1700	0.204
7.1750	0.201
7.1800	0.196
7.1850	0.193
7.1900	0.188
7.1950	0.184
7.2000	0.179
7.2050	0.173
7.2100	0.168
7.2150	0.162
7.2200	0.157
7.2250	0.151
7.2300	0.145
7.2350	0.138
7.2400	0.132
7.2450	0.124
7.2500	0.118
7.2550	0.110
7.2600	0.104
7.2650	0.096
7.2700	0.088
7.2750	0.080
7.2800	0.072
7.2850	0.064
7.2900	0.057
7.2950	0.049
7.3000	0.041
7.3050	0.033
7.3100	0.025
7.3150	0.017
7.3200	0.008
7.3250	0.000
7.3300	-0.008
7.3350	-0.016
7.3400	-0.025
7.3450	-0.033
7.3500	-0.041
7.3550	-0.049
7.3600	-0.057
7.3650	-0.064
7.3700	-0.072
7.3750	-0.080
7.3800	-0.088
7.3850	-0.094
7.3900	-0.102
7.3950	-0.110
7.4000	-0.116
7.4050	-0.124
7.4100	-0.130
7.4150	-0.137
7.4200	-0.143
7.4250	-0.149
7.4300	-0.156
7.4350	-0.162
7.4400	-0.167
7.4450	-0.173
7.4500	-0.178
7.4550	-0.182
7.4600	-0.187
7.4650	-0.192
7.4700	-0.196
7.4750	-0.199
7.4800	-0.203
7.4850	-0.207
7.4900	-0.210
7.4950	-0.212
7.5000	-0.215
7.5050	-0.217
7.5100	-0.220
7.5150	-0.221
7.5200	-0.223
7.5250	-0.223
7.5300	-0.225
7.5350	-0.225
7.5400	-0.226
7.5450	-0.226
7.5500	-0.226
7.5550	-0.226
7.5600	-0.225
7.5650	-0.223
7.5700	-0.221
7.5750	-0.220
7.5800	-0.218
7.5850	-0.215
7.5900	-0.214
7.5950	-0.210
7.6000	-0.207
7.6050	-0.203
7.6100	-0.199
7.6150	-0.195
7.6200	-0.192
7.6250	-0.187
7.6300	-0.182
7.6350	-0.178
7.6400	-0.171
7.6450	-0.167
7.6500	-0.160
7.6550	-0.156
7.6600	-0.149
7.6650	-0.143
7.6700	-0.137
7.6750	-0.129
7.6800	-0.123
7.6850	-0.116
7.6900	-0.108
7.6950	-0.102
7.7000	-0.094
7.7050	-0.086
7.7100	-0.079
7.7150	-0.071
7.7200	-0.064
7.7250	-0.057
7.7300	-0.049
7.7350	-0.039
7.7400	-0.031
7.7450	-0.024
7.7500	-0.016
7.7550	-0.008
7.7600	0.000
7.7650	0.008
7.7700	0.017
7.7750	0.025
7.7800	0.033
7.7850	0.041
7.7900	0.049
7.7950	0.057
7.8000	0.064
7.8050	0.072
7.8100	0.080
7.8150	0.088
7.8200	0.094
7.8250	0.102
7.8300	0.110
7.8350	0.116
7.8400	0.123
7.8450	0.130
7.8500	0.137
7.8550	0.143
7.8600	0.149
7.8650	0.154
7.8700	0.160
7.8750	0.167
7.8800	0.171
7.8850	0.176
7.8900	0.181
7.8950	0.185
7.9000	0.190
7.9050	0.195
7.9100	0.198
7.9150	0.201
7.9200	0.204
7.9250	0.207
7.9300	0.210
7.9350	0.214
7.9400	0.215
7.9450	0.217
7.9500	0.218
7.9550	0.220
7.9600	0.221
7.9650	0.221
7.9700	0.223
7.9750	0.223
7.9800	0.223
7.9850	0.223
7.9900	0.223
7.9950	0.221
8.0000	0.220
8.0050	0.218
8.0100	0.217
8.0150	0.215
8.0200	0.212
8.0250	0.209
8.0300	0.206
8.0350	0.203
8.0400	0.199
8.0450	0.196
8.0500	0.192
8.0550	0.187
8.0600	0.182
8.0650	0.178
8.0700	0.173
8.0750	0.168
8.0800	0.162
8.0850	0.157
8.0900	0.151
8.0950	0.145
8.1000	0.138
8.1050	0.132
8.1100	0.126
8.1150	0.119
8.1200	0.112
8.1250	0.105
8.1300	0.097
8.1350	0.090
8.1400	0.083
8.1450	0.075
8.1500	0.068
8.1550	0.060
8.1600	0.052
8.1650	0.044
8.1700	0.036
8.1750	0.028
8.1800	0.020
8.1850	0.013
8.1900	0.003
8.1950	-0.005
8.2000	-0.013
8.2050	-0.020
8.2100	-0.028
8.2150	-0.036
8.2200	-0.044
8.2250	-0.052
8.2300	-0.060
8.2350	-0.068
8.2400	-0.075
8.2450	-0.083
8.2500	-0.091
8.2550	-0.097
8.2600	-0.105
8.2650	-0.112
8.2700	-0.119
8.2750	-0.126
8.2800	-0.132
8.2850	-0.138
8.2900	-0.145
8.2950	-0.151
8.3000	-0.157
8.3050	-0.162
8.3100	-0.168
8.3150	-0.173
8.3200	-0.178
8.3250	-0.182
8.3300	-0.187
8.3350	-0.192
8.3400	-0.195
8.3450	-0.199
8.3500	-0.203
8.3550	-0.206
8.3600	-0.209
8.3650	-0.210
8.3700	-0.214
8.3750	-0.215
8.3800	-0.217
8.3850	-0.218
8.3900	-0.220
8.3950	-0.221
8.4000	-0.221
8.4050	-0.221
8.4100	-0.223
8.4150	-0.223
8.4200	-0.223
8.4250	-0.221
8.4300	-0.221
8.4350	-0.220
8.4400	-0.218
8.4450	-0.215
8.4500	-0.214
8.4550	-0.210
8.4600	-0.209
8.4650	-0.206
8.4700	-0.203
8.4750	-0.198
8.4800	-0.195
8.4850	-0.190
8.4900	-0.187
8.4950	-0.182
8.5000	-0.178
8.5050	-0.171
8.5100	-0.167
8.5150	-0.162
8.5200	-0.156
8.5250	-0.149
8.5300	-0.143
8.5350	-0.137
8.5400	-0.130
8.5450	-0.124
8.5500	-0.118
8.5550	-0.110
8.5600	-0.104
8.5650	-0.096
8.5700	-0.090
8.5750	-0.082
8.5800	-0.074
8.5850	-0.066
8.5900	-0.058
8.5950	-0.050
8.6000	-0.042
8.6050	-0.035
8.6100	-0.027
8.6150	-0.019
8.6200	-0.011
8.6250	-0.003
8.6300	0.005
8.6350	0.013
8.6400	0.020
8.6450	0.030
8.6500	0.038
8.6550	0.046
8.6600	0.052
8.6650	0.060
8.6700	0.068
8.6750	0.075
8.6800	0.083
8.6850	0.091
8.6900	0.097
8.6950	0.105
8.7000	0.112
8.7050	0.118
8.7100	0.126
8.7150	0.132
8.7200	0.138
8.7250	0.145
8.7300	0.149
8.7350	0.156
8.7400	0.162
8.7450	0.167
8.7500	0.171
8.7550	0.176
8.7600	0.181
8.7650	0.185
8.7700	0.190
8.7750	0.193
8.7800	0.196
8.7850	0.201
8.7900	0.204
8.7950	0.206
8.8000	0.209
8.8050	0.212
8.8100	0.214
8.8150	0.215
8.8200	0.217
8.8250	0.218
8.8300	0.218
8.8350	0.218
8.8400	0.220
8.8450	0.220
8.8500	0.220
8.8550	0.220
8.8600	0.218
8.8650	0.218
8.8700	0.217
8.8750	0.215
8.8800	0.212
8.8850	0.210
8.8900	0.207
8.8950	0.204
8.9000	0.201
8.9050	0.198
8.9100	0.195
8.9150	0.192
8.9200	0.187
8.9250	0.182
8.9300	0.178
8.9350	0.173
8.9400	0.168
8.9450	0.162
8.9500	0.157
8.9550	0.151
8.9600	0.145
8.9650	0.140
8.9700	0.134
8.9750	0.127
8.9800	0.119
8.9850	0.113
8.9900	0.107
8.9950	0.099
9.0000	0.093
9.0050	0.085
9.0100	0.077
9.0150	0.069
9.0200	0.063
9.0250	0.055
9.0300	0.047
9.0350	0.039
9.0400	0.031
9.0450	0.024
9.0500	0.016
9.0550	0.006
9.0600	-0.002
9.0650	-0.009
9.0700	-0.017
9.0750	-0.025
9.0800	-0.033
9.0850	-0.041
9.0900	-0.049
9.0950	-0.057
9.1000	-0.064
9.1050	-0.071
9.1100	-0.079
9.1150	-0.086
9.1200	-0.093
9.1250	-0.101
9.1300	-0.107
9.1350	-0.115
9.1400	-0.121
9.1450	-0.127
9.1500	-0.134
9.1550	-0.140
9.1600	-0.146
9.1650	-0.152
9.1700	-0.157
9.1750	-0.163
9.1800	-0.168
9.1850	-0.173
9.1900	-0.178
9.1950	-0.182
9.2000	-0.187
9.2050	-0.190
9.2100	-0.195
9.2150	-0.198
9.2200	-0.201
9.2250	-0.204
9.2300	-0.207
9.2350	-0.209
9.2400	-0.212
9.2450	-0.214
9.2500	-0.215
9.2550	-0.217
9.2600	-0.218
9.2650	-0.218
9.2700	-0.218
9.2750	-0.220
9.2800	-0.220
9.2850	-0.220
9.2900	-0.220
9.2950	-0.218
9.3000	-0.217
9.3050	-0.215
9.3100	-0.214
9.3150	-0.212
9.3200	-0.209
9.3250	-0.207
9.3300	-0.204
9.3350	-0.201
9.3400	-0.198
9.3450	-0.193
9.3500	-0.190
9.3550	-0.185
9.3600	-0.181
9.3650	-0.176
9.3700	-0.171
9.3750	-0.167
9.3800	-0.162
9.3850	-0.156
9.3900	-0.149
9.3950	-0.145
9.4000	-0.138
9.4050	-0.132
9.4100	-0.126
9.4150	-0.118
9.4200	-0.112
9.4250	-0.105
9.4300	-0.097
9.4350	-0.091
9.4400	-0.083
9.4450	-0.075
9.4500	-0.069
9.4550	-0.061
9.4600	-0.053
9.4650	-0.046
9.4700	-0.038
9.4750	-0.030
9.4800	-0.022
9.4850	-0.014
9.4900	-0.006
9.4950	0.002
9.5000	0.009
9.5050	0.017
9.5100	0.025
9.5150	0.033
9.5200	0.041
9.5250	0.049
9.5300	0.057
9.5350	0.064
9.5400	0.071
9.5450	0.079
9.5500	0.086
9.5550	0.093
9.5600	0.101
9.5650	0.107
9.5700	0.115
9.5750	0.121
9.5800	0.127
9.5850	0.134
9.5900	0.140
9.5950	0.146
9.6000	0.151
9.6050	0.157
9.6100	0.162
9.6150	0.167
9.6200	0.171
9.6250	0.176
9.6300	0.181
9.6350	0.185
9.6400	0.188
9.6450	0.193
9.6500	0.196
9.6550	0.199
9.6600	0.203
9.6650	0.206
9.6700	0.207
9.6750	0.209
9.6800	0.212
9.6850	0.214
9.6900	0.214
9.6950	0.215
9.7000	0.215
9.7050	0.217
9.7100	0.217
9.7150	0.217
9.7200	0.217
9.7250	0.217
9.7300	0.215
9.7350	0.214
9.7400	0.212
9.7450	0.210
9.7500	0.209
9.7550	0.206
9.7600	0.203
9.7650	0.201
9.7700	0.196
9.7750	0.193
9.7800	0.190
9.7850	0.185
9.7900	0.182
9.7950	0.178
9.8000	0.173
9.8050	0.168
9.8100	0.162
9.8150	0.157
9.8200	0.151
9.8250	0.146
9.8300	0.140
9.8350	0.134
9.8400	0.127
9.8450	0.121
9.8500	0.115
9.8550	0.108
9.8600	0.101
9.8650	0.094
9.8700	0.086
9.8750	0.080
9.8800	0.072
9.8850	0.064
9.8900	0.057
9.8950	0.049
9.9000	0.041
9.9050	0.033
9.9100	0.025
9.9150	0.019
9.9200	0.011
9.9250	0.002
9.9300	-0.006
9.9350	-0.014
9.9400	-0.022
9.9450	-0.030
9.9500	-0.038
9.9550	-0.044
9.9600	-0.052
9.9650	-0.060
9.9700	-0.068
9.9750	-0.075
9.9800	-0.082
9.9850	-0.090
9.9900	-0.096
9.9950	-0.104
10.0000	-0.110
10.0050	-0.116
10.0100	-0.123
10.0150	-0.129
10.0200	-0.135
10.0250	-0.141
10.0300	-0.148
10.0350	-0.152
10.0400	-0.159
10.0450	-0.163
10.0500	-0.170
10.0550	-0.174
10.0600	-0.178
10.0650	-0.182
10.0700	-0.187
10.0750	-0.190
10.0800	-0.195
10.0850	-0.198
10.0900	-0.201
10.0950	-0.203
10.1000	-0.206
10.1050	-0.207
10.1100	-0.210
10.1150	-0.212
10.1200	-0.214
10.1250	-0.214
10.1300	-0.215
10.1350	-0.215
10.1400	-0.217
10.1450	-0.217
10.1500	-0.217
10.1550	-0.217
10.1600	-0.215
10.1650	-0.215
10.1700	-0.214
10.1750	-0.212
10.1800	-0.209
10.1850	-0.207
10.1900	-0.204
10.1950	-0.203
10.2000	-0.199
10.2050	-0.196
10.2100	-0.193
10.2150	-0.188
10.2200	-0.184
10.2250	-0.181
10.2300	-0.176
10.2350	-0.171
10.2400	-0.167
10.2450	-0.162
10.2500	-0.156
10.2550	-0.151
10.2600	-0.145
10.2650	-0.138
10.2700	-0.132
10.2750	-0.126
10.2800	-0.119
10.2850	-0.113
10.2900	-0.107
10.2950	-0.099
10.3000	-0.093
10.3050	-0.085
10.3100	-0.079
10.3150	-0.071
10.3200	-0.063
10.3250	-0.055
10.3300	-0.049
10.3350	-0.041
10.3400	-0.033
10.3450	-0.025
10.3500	-0.017
10.3550	-0.009
10.3600	-0.002
10.3650	0.006
10.3700	0.014
10.3750	0.022
10.3800	0.030
10.3850	0.038
10.3900	0.046
10.3950	0.052
10.4000	0.060
10.4050	0.068
10.4100	0.075
10.4150	0.082
10.4200	0.090
10.4250	0.096
10.4300	0.104
10.4350	0.110
10.4400	0.116
10.4450	0.123
10.4500	0.129
10.4550	0.135
10.4600	0.141
10.4650	0.146
10.4700	0.152
10.4750	0.157
10.4800	0.163
10.4850	0.168
10.4900	0.173
10.4950	0.178
10.5000	0.181
10.5050	0.185
10.5100	0.188
10.5150	0.192
10.5200	0.196
10.5250	0.198
10.5300	0.201
10.5350	0.204
10.5400	0.206
10.5450	0.207
10.5500	0.209
10.5550	0.210
10.5600	0.212
10.5650	0.212
10.5700	0.214
10.5750	0.214
10.5800	0.214
10.5850	0.214
10.5900	0.214
10.5950	0.212
10.6000	0.212
10.6050	0.210
10.6100	0.209
10.6150	0.206
10.6200	0.204
10.6250	0.201
10.6300	0.199
10.6350	0.196
10.6400	0.192
10.6450	0.188
10.6500	0.185
10.6550	0.181
10.6600	0.176
10.6650	0.171
10.6700	0.167
10.6750	0.162
10.6800	0.157
10.6850	0.151
10.6900	0.146
10.6950	0.140
10.7000	0.135
10.7050	0.129
10.7100	0.123
10.7150	0.116
10.7200	0.108
10.7250	0.102
10.7300	0.096
10.7350	0.088
10.7400	0.082
10.7450	0.074
10.7500	0.066
10.7550	0.060
10.7600	0.052
10.7650	0.044
10.7700	0.036
10.7750	0.028
10.7800	0.020
10.7850	0.013
10.7900	0.005
10.7950	-0.003
10.8000	-0.009
10.8050	-0.017
10.8100	-0.025
10.8150	-0.033
10.8200	-0.041
10.8250	-0.049
10.8300	-0.057
10.8350	-0.063
10.8400	-0.071
10.8450	-0.079
10.8500	-0.085
10.8550	-0.093
10.8600	-0.099
10.8650	-0.105
10.8700	-0.113
10.8750	-0.119
10.8800	-0.126
10.8850	-0.132
10.8900	-0.138
10.8950	-0.143
10.9000	-0.149
10.9050	-0.154
10.9100	-0.160
10.9150	-0.165
10.9200	-0.170
10.9250	-0.174
10.9300	-0.179
10.9350	-0.182
10.9400	-0.187
10.9450	-0.190
10.9500	-0.193
10.9550	-0.196
10.9600	-0.199
10.9650	-0.203
10.9700	-0.204
10.9750	-0.206
10.9800	-0.207
10.9850	-0.209
10.9900	-0.210
10.9950	-0.212
11.0000	-0.212
11.0050	-0.214
11.0100	-0.214
11.0150	-0.214
11.0200	-0.214
11.0250	-0.214
11.0300	-0.212
11.0350	-0.210
11.0400	-0.209
11.0450	-0.207
11.0500	-0.206
11.0550	-0.203
11.0600	-0.201
11.0650	-0.198
11.0700	-0.195
11.0750	-0.192
11.0800	-0.187
11.0850	-0.184
11.0900	-0.179
11.0950	-0.174
11.1000	-0.171
11.1050	-0.165
11.1100	-0.160
11.1150	-0.156
11.1200	-0.151
11.1250	-0.145
11.1300	-0.138
11.1350	-0.132
11.1400	-0.127
11.1450	-0.121
11.1500	-0.113
11.1550	-0.107
11.1600	-0.101
11.1650	-0.094
11.1700	-0.086
11.1750	-0.080
11.1800	-0.072
11.1850	-0.064
11.1900	-0.058
11.1950	-0.050
11.2000	-0.042
11.2050	-0.035
11.2100	-0.027
11.2150	-0.020
11.2200	-0.013
11.2250	-0.005
11.2300	0.003
11.2350	0.011
11.2400	0.019
11.2450	0.027
11.2500	0.035
11.2550	0.041
11.2600	0.049
11.2650	0.057
11.2700	0.064
11.2750	0.071
11.2800	0.079
11.2850	0.085
11.2900	0.093
11.2950	0.099
11.3000	0.105
11.3050	0.113
11.3100	0.119
11.3150	0.126
11.3200	0.130
11.3250	0.137
11.3300	0.143
11.3350	0.148
11.3400	0.154
11.3450	0.159
11.3500	0.163
11.3550	0.168
11.3600	0.173
11.3650	0.178
11.3700	0.181
11.3750	0.185
11.3800	0.188
11.3850	0.192
11.3900	0.195
11.3950	0.198
11.4000	0.199
11.4050	0.203
11.4100	0.204
11.4150	0.206
11.4200	0.207
11.4250	0.209
11.4300	0.209
11.4350	0.210
11.4400	0.210
11.4450	0.210
11.4500	0.210
11.4550	0.210
11.4600	0.210
11.4650	0.209
11.4700	0.207
11.4750	0.206
11.4800	0.204
11.4850	0.203
11.4900	0.199
11.4950	0.196
11.5000	0.195
11.5050	0.192
11.5100	0.187
11.5150	0.184
11.5200	0.181
11.5250	0.176
11.5300	0.171
11.5350	0.167
11.5400	0.162
11.5450	0.157
11.5500	0.151
11.5550	0.146
11.5600	0.140
11.5650	0.135
11.5700	0.129
11.5750	0.123
11.5800	0.116
11.5850	0.110
11.5900	0.104
11.5950	0.096
11.6000	0.090
11.6050	0.083
11.6100	0.075
11.6150	0.068
11.6200	0.061
11.6250	0.053
11.6300	0.046
11.6350	0.039
11.6400	0.031
11.6450	0.024
11.6500	0.016
11.6550	0.008
11.6600	0.000
11.6650	-0.008
11.6700	-0.014
11.6750	-0.022
11.6800	-0.030
11.6850	-0.038
11.6900	-0.046
11.6950	-0.052
11.7000	-0.060
11.7050	-0.068
11.7100	-0.074
11.7150	-0.082
11.7200	-0.088
11.7250	-0.096
11.7300	-0.102
11.7350	-0.108
11.7400	-0.115
11.7450	-0.121
11.7500	-0.127
11.7550	-0.134
11.7600	-0.140
11.7650	-0.145
11.7700	-0.151
11.7750	-0.156
11.7800	-0.160
11.7850	-0.165
11.7900	-0.170
11.7950	-0.174
11.8000	-0.179
11.8050	-0.182
11.8100	-0.185
11.8150	-0.190
11.8200	-0.193
11.8250	-0.195
11.8300	-0.198
11.8350	-0.201
11.8400	-0.203
11.8450	-0.204
11.8500	-0.206
11.8550	-0.207
11.8600	-0.209
11.8650	-0.209
11.8700	-0.210
11.8750	-0.210
11.8800	-0.210
11.8850	-0.210
11.8900	-0.210
11.8950	-0.209
11.9000	-0.209
11.9050	-0.207
11.9100	-0.206
11.9150	-0.203
11.9200	-0.201
11.9250	-0.199
11.9300	-0.196
11.9350	-0.193
11.9400	-0.190
11.9450	-0.187
11.9500	-0.182
11.9550	-0.179
11.9600	-0.174
11.9650	-0.170
11.9700	-0.165
11.9750	-0.160
11.9800	-0.156
11.9850	-0.151
11.9900	-0.145
11.9950	-0.138
12.0000	-0.134
12.0050	-0.127
12.0100	-0.121
12.0150	-0.115
12.0200	-0.108
12.0250	-0.102
12.0300	-0.094
12.0350	-0.088
12.0400	-0.082
12.0450	-0.074
12.0500	-0.068
12.0550	-0.060
12.0600	-0.052
12.0650	-0.046
12.0700	-0.038
12.0750	-0.030
12.0800	-0.022
12.0850	-0.014
12.0900	-0.008
12.0950	0.000
12.1000	0.008
12.1050	0.016
12.1100	0.024
12.1150	0.031
12.1200	0.038
12.1250	0.046
12.1300	0.053
12.1350	0.060
12.1400	0.068
12.1450	0.074
12.1500	0.082
12.1550	0.088
12.1600	0.096
12.1650	0.102
12.1700	0.108
12.1750	0.115
12.1800	0.121
12.1850	0.127
12.1900	0.134
12.1950	0.138
12.2000	0.145
12.2050	0.149
12.2100	0.154
12.2150	0.159
12.2200	0.165
12.2250	0.168
12.2300	0.173
12.2350	0.178
12.2400	0.181
12.2450	0.184
12.2500	0.188
12.2550	0.190
12.2600	0.193
12.2650	0.196
12.2700	0.198
12.2750	0.201
12.2800	0.203
12.2850	0.204
12.2900	0.206
12.2950	0.206
12.3000	0.207
12.3050	0.207
12.3100	0.207
12.3150	0.207
12.3200	0.207
12.3250	0.207
12.3300	0.206
12.3350	0.206
12.3400	0.204
12.3450	0.203
12.3500	0.199
12.3550	0.198
12.3600	0.195
12.3650	0.192
12.3700	0.188
12.3750	0.185
12.3800	0.182
12.3850	0.179
12.3900	0.174
12.3950	0.170
12.4000	0.167
12.4050	0.162
12.4100	0.157
12.4150	0.151
12.4200	0.146
12.4250	0.140
12.4300	0.135
12.4350	0.129
12.4400	0.123
12.4450	0.116
12.4500	0.110
12.4550	0.104
12.4600	0.097
12.4650	0.091
12.4700	0.083
12.4750	0.077
12.4800	0.069
12.4850	0.063
12.4900	0.055
12.4950	0.049
12.5000	0.041
12.5050	0.033
12.5100	0.025
12.5150	0.019
12.5200	0.011
12.5250	0.003
12.5300	-0.005
12.5350	-0.013
12.5400	-0.019
12.5450	-0.027
12.5500	-0.035
12.5550	-0.042
12.5600	-0.049
12.5650	-0.057
12.5700	-0.063
12.5750	-0.071
12.5800	-0.077
12.5850	-0.085
12.5900	-0.091
12.5950	-0.097
12.6000	-0.105
12.6050	-0.112
12.6100	-0.118
12.6150	-0.124
12.6200	-0.129
12.6250	-0.135
12.6300	-0.141
12.6350	-0.146
12.6400	-0.151
12.6450	-0.157
12.6500	-0.162
12.6550	-0.167
12.6600	-0.170
12.6650	-0.174
12.6700	-0.179
12.6750	-0.182
12.6800	-0.185
12.6850	-0.188
12.6900	-0.192
12.6950	-0.195
12.7000	-0.196
12.7050	-0.199
12.7100	-0.201
12.7150	-0.203
12.7200	-0.204
12.7250	-0.206
12.7300	-0.206
12.7350	-0.207
12.7400	-0.207
12.7450	-0.207
12.7500	-0.207
12.7550	-0.207
12.7600	-0.207
12.7650	-0.206
12.7700	-0.204
12.7750	-0.203
12.7800	-0.201
12.7850	-0.199
12.7900	-0.196
12.7950	-0.195
12.8000	-0.192
12.8050	-0.188
12.8100	-0.185
12.8150	-0.181
12.8200	-0.178
12.8250	-0.173
12.8300	-0.170
12.8350	-0.165
12.8400	-0.160
12.8450	-0.156
12.8500	-0.149
12.8550	-0.145
12.8600	-0.138
12.8650	-0.134
12.8700	-0.127
12.8750	-0.121
12.8800	-0.115
12.8850	-0.108
12.8900	-0.102
12.8950	-0.096
12.9000	-0.090
12.9050	-0.082
12.9100	-0.075
12.9150	-0.069
12.9200	-0.061
12.9250	-0.053
12.9300	-0.047
12.9350	-0.039
12.9400	-0.031
12.9450	-0.025
12.9500	-0.017
12.9550	-0.009
12.9600	-0.002
12.9650	0.005
12.9700	0.013
12.9750	0.020
12.9800	0.028
12.9850	0.035
12.9900	0.042
12.9950	0.050
13.0000	0.057
13.0050	0.064
13.0100	0.071
13.0150	0.079
13.0200	0.085
13.0250	0.091
13.0300	0.099
13.0350	0.105
13.0400	0.112
13.0450	0.118
13.0500	0.123
13.0550	0.129
13.0600	0.135
13.0650	0.140
13.0700	0.146
13.0750	0.151
13.0800	0.156
13.0850	0.160
13.0900	0.165
13.0950	0.170
13.1000	0.173
13.1050	0.178
13.1100	0.181
13.1150	0.184
13.1200	0.187
13.1250	0.190
13.1300	0.193
13.1350	0.195
13.1400	0.196
13.1450	0.199
13.1500	0.201
13.1550	0.201
13.1600	0.203
13.1650	0.204
13.1700	0.204
13.1750	0.204
13.1800	0.204
13.1850	0.204
13.1900	0.204
13.1950	0.204
13.2000	0.203
13.2050	0.201
13.2100	0.199
13.2150	0.198
13.2200	0.196
13.2250	0.193
13.2300	0.190
13.2350	0.188
13.2400	0.184
13.2450	0.181
13.2500	0.178
13.2550	0.173
13.2600	0.170
13.2650	0.165
13.2700	0.160
13.2750	0.156
13.2800	0.151
13.2850	0.146
13.2900	0.140
13.2950	0.135
13.3000	0.129
13.3050	0.124
13.3100	0.118
13.3150	0.112
13.3200	0.105
13.3250	0.099
13.3300	0.091
13.3350	0.085
13.3400	0.079
13.3450	0.071
13.3500	0.064
13.3550	0.057
13.3600	0.050
13.3650	0.042
13.3700	0.035
13.3750	0.028
13.3800	0.020
13.3850	0.013
13.3900	0.006
13.3950	-0.002
13.4000	-0.009
13.4050	-0.017
13.4100	-0.024
13.4150	-0.031
13.4200	-0.039
13.4250	-0.046
13.4300	-0.053
13.4350	-0.060
13.4400	-0.068
13.4450	-0.074
13.4500	-0.082
13.4550	-0.088
13.4600	-0.094
13.4650	-0.101
13.4700	-0.107
13.4750	-0.113
13.4800	-0.119
13.4850	-0.126
13.4900	-0.132
13.4950	-0.137
13.5000	-0.143
13.5050	-0.148
13.5100	-0.152
13.5150	-0.157
13.5200	-0.162
13.5250	-0.167
13.5300	-0.171
13.5350	-0.174
13.5400	-0.179
13.5450	-0.182
13.5500	-0.185
13.5550	-0.188
13.5600	-0.192
13.5650	-0.193
13.5700	-0.196
13.5750	-0.198
13.5800	-0.199
13.5850	-0.201
13.5900	-0.203
13.5950	-0.203
13.6000	-0.204
13.6050	-0.204
13.6100	-0.204
13.6150	-0.204
13.6200	-0.204
13.6250	-0.204
13.6300	-0.203
13.6350	-0.203
13.6400	-0.201
13.6450	-0.199
13.6500	-0.196
13.6550	-0.195
13.6600	-0.192
13.6650	-0.190
13.6700	-0.187
13.6750	-0.184
13.6800	-0.181
13.6850	-0.176
13.6900	-0.173
13.6950	-0.168
13.7000	-0.163
13.7050	-0.159
13.7100	-0.154
13.7150	-0.149
13.7200	-0.145
13.7250	-0.138
13.7300	-0.134
13.7350	-0.127
13.7400	-0.121
13.7450	-0.116
13.7500	-0.110
13.7550	-0.104
13.7600	-0.097
13.7650	-0.090
13.7700	-0.083
13.7750	-0.077
13.7800	-0.069
13.7850	-0.063
13.7900	-0.055
13.7950	-0.049
13.8000	-0.041
13.8050	-0.035
13.8100	-0.027
13.8150	-0.019
13.8200	-0.013
13.8250	-0.005
13.8300	0.003
13.8350	0.009
13.8400	0.017
13.8450	0.025
13.8500	0.031
13.8550	0.039
13.8600	0.047
13.8650	0.053
13.8700	0.061
13.8750	0.068
13.8800	0.075
13.8850	0.082
13.8900	0.088
13.8950	0.094
13.9000	0.101
13.9050	0.107
13.9100	0.113
13.9150	0.119
13.9200	0.126
13.9250	0.130
13.9300	0.137
13.9350	0.141
13.9400	0.146
13.9450	0.152
13.9500	0.157
13.9550	0.162
13.9600	0.165
13.9650	0.170
13.9700	0.173
13.9750	0.178
13.9800	0.181
13.9850	0.184
13.9900	0.187
13.9950	0.188
14.0000	0.192
14.0050	0.193
14.0100	0.196
14.0150	0.198
14.0200	0.198
14.0250	0.199
14.0300	0.201
14.0350	0.201
14.0400	0.201
14.0450	0.201
14.0500	0.201
14.0550	0.201
14.0600	0.201
14.0650	0.201
14.0700	0.199
14.0750	0.198
14.0800	0.196
14.0850	0.193
14.0900	0.192
14.0950	0.188
14.1000	0.185
14.1050	0.182
14.1100	0.179
14.1150	0.176
14.1200	0.173
14.1250	0.168
14.1300	0.165
14.1350	0.160
14.1400	0.156
14.1450	0.151
14.1500	0.146
14.1550	0.140
14.1600	0.135
14.1650	0.129
14.1700	0.124
14.1750	0.118
14.1800	0.112
14.1850	0.105
14.1900	0.099
14.1950	0.093
14.2000	0.086
14.2050	0.080
14.2100	0.072
14.2150	0.066
14.2200	0.058
14.2250	0.052
14.2300	0.044
14.2350	0.038
14.2400	0.030
14.2450	0.022
14.2500	0.016
14.2550	0.008
14.2600	0.000
14.2650	-0.006
14.2700	-0.014
14.2750	-0.022
14.2800	-0.028
14.2850	-0.036
14.2900	-0.042
14.2950	-0.050
14.3000	-0.057
14.3050	-0.064
14.3100	-0.071
14.3150	-0.079
14.3200	-0.085
14.3250	-0.091
14.3300	-0.097
14.3350	-0.104
14.3400	-0.110
14.3450	-0.116
14.3500	-0.123
14.3550	-0.127
14.3600	-0.134
14.3650	-0.138
14.3700	-0.145
14.3750	-0.149
14.3800	-0.154
14.3850	-0.159
14.3900	-0.163
14.3950	-0.167
14.4000	-0.171
14.4050	-0.174
14.4100	-0.178
14.4150	-0.182
14.4200	-0.184
14.4250	-0.187
14.4300	-0.190
14.4350	-0.192
14.4400	-0.195
14.4450	-0.196
14.4500	-0.198
14.4550	-0.199
14.4600	-0.199
14.4650	-0.201
14.4700	-0.201
14.4750	-0.201
14.4800	-0.201
14.4850	-0.201
14.4900	-0.201
14.4950	-0.201
14.5000	-0.199
14.5050	-0.198
14.5100	-0.196
14.5150	-0.195
14.5200	-0.193
14.5250	-0.190
14.5300	-0.188
14.5350	-0.185
14.5400	-0.182
14.5450	-0.179
14.5500	-0.174
14.5550	-0.171
14.5600	-0.167
14.5650	-0.163
14.5700	-0.159
14.5750	-0.154
14.5800	-0.149
14.5850	-0.145
14.5900	-0.138
14.5950	-0.134
14.6000	-0.127
14.6050	-0.123
14.6100	-0.116
14.6150	-0.110
14.6200	-0.104
14.6250	-0.097
14.6300	-0.091
14.6350	-0.085
14.6400	-0.079
14.6450	-0.071
14.6500	-0.064
14.6550	-0.057
14.6600	-0.050
14.6650	-0.042
14.6700	-0.036
14.6750	-0.028
14.6800	-0.022
14.6850	-0.014
14.6900	-0.006
14.6950	0.000
14.7000	0.008
14.7050	0.014
14.7100	0.022
14.7150	0.030
14.7200	0.036
14.7250	0.044
14.7300	0.050
14.7350	0.058
14.7400	0.064
14.7450	0.071
14.7500	0.079
14.7550	0.085
14.7600	0.091
14.7650	0.097
14.7700	0.104
14.7750	0.110
14.7800	0.116
14.7850	0.121
14.7900	0.127
14.7950	0.134
14.8000	0.138
14.8050	0.143
14.8100	0.148
14.8150	0.152
14.8200	0.157
14.8250	0.162
14.8300	0.165
14.8350	0.170
14.8400	0.173
14.8450	0.176
14.8500	0.181
14.8550	0.182
14.8600	0.185
14.8650	0.188
14.8700	0.190
14.8750	0.192
14.8800	0.193
14.8850	0.195
14.8900	0.196
14.8950	0.198
14.9000	0.198
14.9050	0.198
14.9100	0.199
14.9150	0.199
14.9200	0.199
14.9250	0.199
14.9300	0.198
14.9350	0.196
14.9400	0.195
14.9450	0.193
14.9500	0.192
14.9550	0.190
14.9600	0.187
14.9650	0.184
14.9700	0.182
14.9750	0.178
14.9800	0.174
14.9850	0.171
14.9900	0.168
14.9950	0.163
15.0000	0.159
15.0050	0.154
15.0100	0.149
15.0150	0.145
15.0200	0.140
15.0250	0.135
15.0300	0.129
15.0350	0.124
15.0400	0.118
15.0450	0.112
15.0500	0.105
15.0550	0.101
15.0600	0.094
15.0650	0.086
15.0700	0.080
15.0750	0.074
15.0800	0.068
15.0850	0.060
15.0900	0.053
15.0950	0.046
15.1000	0.039
15.1050	0.031
15.1100	0.025
15.1150	0.017
15.1200	0.011
15.1250	0.003
15.1300	-0.005
15.1350	-0.011
15.1400	-0.019
15.1450	-0.025
15.1500	-0.033
15.1550	-0.039
15.1600	-0.047
15.1650	-0.053
15.1700	-0.061
15.1750	-0.068
15.1800	-0.074
15.1850	-0.082
15.1900	-0.088
15.1950	-0.094
15.2000	-0.101
15.2050	-0.107
15.2100	-0.113
15.2150	-0.118
15.2200	-0.124
15.2250	-0.129
15.2300	-0.135
15.2350	-0.140
15.2400	-0.145
15.2450	-0.149
15.2500	-0.154
15.2550	-0.159
15.2600	-0.163
15.2650	-0.167
15.2700	-0.171
15.2750	-0.174
15.2800	-0.178
15.2850	-0.181
15.2900	-0.184
15.2950	-0.187
15.3000	-0.188
15.3050	-0.190
15.3100	-0.193
15.3150	-0.195
15.3200	-0.196
15.3250	-0.196
15.3300	-0.198
15.3350	-0.198
15.3400	-0.198
