Tempo ( s )	Posicao angular ( rad )
0.0000	0.000
0.0050	0.000
0.0100	0.000
0.0150	0.000
0.0200	0.000
0.0250	0.000
0.0300	0.000
0.0350	0.000
0.0400	0.000
0.0450	0.000
0.0500	0.000
0.0550	0.000
0.0600	0.000
0.0650	0.000
0.0700	0.000
0.0750	0.000
0.0800	0.000
0.0850	0.000
0.0900	0.000
0.0950	0.000
0.1000	0.000
0.1050	0.000
0.1100	0.000
0.1150	0.000
0.1200	0.000
0.1250	0.000
0.1300	0.000
0.1350	0.000
0.1400	0.000
0.1450	0.000
0.1500	0.000
0.1550	0.000
0.1600	0.000
0.1650	0.000
0.1700	0.000
0.1750	0.000
0.1800	0.000
0.1850	0.000
0.1900	0.000
0.1950	0.000
0.2000	0.000
0.2050	0.000
0.2100	0.000
0.2150	0.000
0.2200	0.000
0.2250	0.000
0.2300	0.000
0.2350	0.000
0.2400	0.000
0.2450	0.000
0.2500	0.000
0.2550	0.000
0.2600	0.000
0.2650	0.000
0.2700	0.000
0.2750	0.000
0.2800	0.000
0.2850	0.000
0.2900	0.000
0.2950	0.000
0.3000	0.000
0.3050	0.000
0.3100	0.000
0.3150	0.000
0.3200	0.000
0.3250	0.000
0.3300	0.000
0.3350	0.000
0.3400	0.000
0.3450	0.000
0.3500	0.000
0.3550	0.000
0.3600	0.000
0.3650	0.000
0.3700	0.000
0.3750	0.000
0.3800	0.000
0.3850	0.000
0.3900	0.000
0.3950	0.000
0.4000	0.000
0.4050	0.000
0.4100	0.000
0.4150	0.000
0.4200	0.000
0.4250	0.000
0.4300	0.000
0.4350	0.000
0.4400	0.000
0.4450	0.000
0.4500	0.000
0.4550	0.000
0.4600	0.000
0.4650	0.000
0.4700	0.000
0.4750	0.000
0.4800	0.000
0.4850	0.000
0.4900	0.000
0.4950	0.000
0.5000	0.000
0.5050	0.000
0.5100	0.000
0.5150	0.000
0.5200	0.000
0.5250	0.000
0.5300	0.000
0.5350	0.000
0.5400	0.000
0.5450	0.000
0.5500	0.000
0.5550	0.000
0.5600	0.000
0.5650	0.000
0.5700	0.000
0.5750	0.000
0.5800	0.000
0.5850	0.000
0.5900	0.000
0.5950	0.000
0.6000	0.000
0.6050	0.000
0.6100	0.000
0.6150	0.000
0.6200	0.000
0.6250	0.000
0.6300	0.000
0.6350	0.000
0.6400	0.000
0.6450	0.000
0.6500	0.000
0.6550	0.000
0.6600	0.000
0.6650	0.000
0.6700	0.000
0.6750	0.000
0.6800	0.000
0.6850	0.000
0.6900	0.000
0.6950	0.000
0.7000	0.000
0.7050	0.000
0.7100	0.000
0.7150	0.000
0.7200	0.000
0.7250	0.000
0.7300	0.000
0.7350	0.000
0.7400	0.000
0.7450	0.000
0.7500	0.000
0.7550	0.000
0.7600	0.000
0.7650	0.000
0.7700	0.000
0.7750	0.000
0.7800	0.000
0.7850	0.000
0.7900	0.000
0.7950	0.000
0.8000	0.000
0.8050	0.000
0.8100	0.000
0.8150	0.000
0.8200	0.000
0.8250	0.000
0.8300	0.000
0.8350	0.000
0.8400	0.000
0.8450	0.000
0.8500	0.000
0.8550	0.000
0.8600	0.000
0.8650	0.000
0.8700	0.000
0.8750	0.000
0.8800	0.000
0.8850	0.000
0.8900	0.000
0.8950	0.002
0.9000	0.003
0.9050	0.005
0.9100	0.008
0.9150	0.011
0.9200	0.014
0.9250	0.019
0.9300	0.024
0.9350	0.027
0.9400	0.033
0.9450	0.038
0.9500	0.042
0.9550	0.047
0.9600	0.053
0.9650	0.058
0.9700	0.063
0.9750	0.068
0.9800	0.072
0.9850	0.077
0.9900	0.082
0.9950	0.086
1.0000	0.091
1.0050	0.096
1.0100	0.099
1.0150	0.104
1.0200	0.107
1.0250	0.110
1.0300	0.115
1.0350	0.118
1.0400	0.121
1.0450	0.124
1.0500	0.127
1.0550	0.129
1.0600	0.132
1.0650	0.135
1.0700	0.137
1.0750	0.138
1.0800	0.141
1.0850	0.143
1.0900	0.145
1.0950	0.145
1.1000	0.146
1.1050	0.146
1.1100	0.148
1.1150	0.148
1.1200	0.148
1.1250	0.149
1.1300	0.149
1.1350	0.149
1.1400	0.149
1.1450	0.149
1.1500	0.148
1.1550	0.146
1.1600	0.146
1.1650	0.145
1.1700	0.141
1.1750	0.140
1.1800	0.138
1.1850	0.137
1.1900	0.134
1.1950	0.132
1.2000	0.129
1.2050	0.126
1.2100	0.123
1.2150	0.119
1.2200	0.116
1.2250	0.113
1.2300	0.110
1.2350	0.105
1.2400	0.102
1.2450	0.097
1.2500	0.093
1.2550	0.090
1.2600	0.085
1.2650	0.080
1.2700	0.075
1.2750	0.071
1.2800	0.066
1.2850	0.061
1.2900	0.057
1.2950	0.050
1.3000	0.046
1.3050	0.041
1.3100	0.035
1.3150	0.030
1.3200	0.025
1.3250	0.019
1.3300	0.014
1.3350	0.008
1.3400	0.003
1.3450	-0.002
1.3500	-0.008
1.3550	-0.013
1.3600	-0.019
1.3650	-0.024
1.3700	-0.030
1.3750	-0.035
1.3800	-0.039
1.3850	-0.046
1.3900	-0.050
1.3950	-0.055
1.4000	-0.060
1.4050	-0.064
1.4100	-0.069
1.4150	-0.074
1.4200	-0.079
1.4250	-0.083
1.4300	-0.088
1.4350	-0.093
1.4400	-0.096
1.4450	-0.101
1.4500	-0.104
1.4550	-0.108
1.4600	-0.112
1.4650	-0.115
1.4700	-0.118
1.4750	-0.121
1.4800	-0.124
1.4850	-0.127
1.4900	-0.130
1.4950	-0.132
1.5000	-0.135
1.5050	-0.137
1.5100	-0.138
1.5150	-0.140
1.5200	-0.141
1.5250	-0.143
1.5300	-0.145
1.5350	-0.146
1.5400	-0.146
1.5450	-0.148
1.5500	-0.148
1.5550	-0.148
1.5600	-0.148
1.5650	-0.148
1.5700	-0.148
1.5750	-0.148
1.5800	-0.146
1.5850	-0.146
1.5900	-0.145
1.5950	-0.143
1.6000	-0.141
1.6050	-0.141
1.6100	-0.138
1.6150	-0.137
1.6200	-0.135
1.6250	-0.132
1.6300	-0.129
1.6350	-0.126
1.6400	-0.124
1.6450	-0.121
1.6500	-0.118
1.6550	-0.113
1.6600	-0.110
1.6650	-0.107
1.6700	-0.104
1.6750	-0.099
1.6800	-0.096
1.6850	-0.091
1.6900	-0.086
1.6950	-0.082
1.7000	-0.077
1.7050	-0.072
1.7100	-0.068
1.7150	-0.063
1.7200	-0.058
1.7250	-0.053
1.7300	-0.049
1.7350	-0.044
1.7400	-0.038
1.7450	-0.033
1.7500	-0.028
1.7550	-0.022
1.7600	-0.017
1.7650	-0.011
1.7700	-0.006
1.7750	-0.002
1.7800	0.005
1.7850	0.009
1.7900	0.014
1.7950	0.020
1.8000	0.025
1.8050	0.031
1.8100	0.036
1.8150	0.041
1.8200	0.046
1.8250	0.052
1.8300	0.057
1.8350	0.061
1.8400	0.066
1.8450	0.071
1.8500	0.075
1.8550	0.080
1.8600	0.085
1.8650	0.088
1.8700	0.093
1.8750	0.097
1.8800	0.101
1.8850	0.105
1.8900	0.108
1.8950	0.112
1.9000	0.115
1.9050	0.118
1.9100	0.121
1.9150	0.124
1.9200	0.127
1.9250	0.129
1.9300	0.132
1.9350	0.134
1.9400	0.137
1.9450	0.138
1.9500	0.140
1.9550	0.141
1.9600	0.143
1.9650	0.143
1.9700	0.145
1.9750	0.145
1.9800	0.146
1.9850	0.146
1.9900	0.146
1.9950	0.146
2.0000	0.146
2.0050	0.146
2.0100	0.146
2.0150	0.145
2.0200	0.145
2.0250	0.143
2.0300	0.141
2.0350	0.140
2.0400	0.138
2.0450	0.137
2.0500	0.134
2.0550	0.132
2.0600	0.129
2.0650	0.127
2.0700	0.124
2.0750	0.121
2.0800	0.118
2.0850	0.115
2.0900	0.112
2.0950	0.108
2.1000	0.104
2.1050	0.101
2.1100	0.096
2.1150	0.093
2.1200	0.088
2.1250	0.083
2.1300	0.080
2.1350	0.075
2.1400	0.071
2.1450	0.066
2.1500	0.060
2.1550	0.055
2.1600	0.050
2.1650	0.046
2.1700	0.041
2.1750	0.035
2.1800	0.030
2.1850	0.025
2.1900	0.019
2.1950	0.014
2.2000	0.009
2.2050	0.003
2.2100	-0.002
2.2150	-0.006
2.2200	-0.013
2.2250	-0.017
2.2300	-0.024
2.2350	-0.028
2.2400	-0.033
2.2450	-0.038
2.2500	-0.044
2.2550	-0.049
2.2600	-0.053
2.2650	-0.058
2.2700	-0.063
2.2750	-0.068
2.2800	-0.072
2.2850	-0.077
2.2900	-0.082
2.2950	-0.086
2.3000	-0.090
2.3050	-0.094
2.3100	-0.097
2.3150	-0.102
2.3200	-0.105
2.3250	-0.108
2.3300	-0.113
2.3350	-0.116
2.3400	-0.119
2.3450	-0.123
2.3500	-0.124
2.3550	-0.127
2.3600	-0.130
2.3650	-0.132
2.3700	-0.134
2.3750	-0.137
2.3800	-0.138
2.3850	-0.140
2.3900	-0.140
2.3950	-0.141
2.4000	-0.143
2.4050	-0.143
2.4100	-0.145
2.4150	-0.145
2.4200	-0.145
2.4250	-0.145
2.4300	-0.145
2.4350	-0.145
2.4400	-0.145
2.4450	-0.145
2.4500	-0.143
2.4550	-0.143
2.4600	-0.141
2.4650	-0.140
2.4700	-0.138
2.4750	-0.137
2.4800	-0.135
2.4850	-0.132
2.4900	-0.130
2.4950	-0.127
2.5000	-0.124
2.5050	-0.123
2.5100	-0.119
2.5150	-0.116
2.5200	-0.112
2.5250	-0.108
2.5300	-0.105
2.5350	-0.102
2.5400	-0.097
2.5450	-0.094
2.5500	-0.090
2.5550	-0.085
2.5600	-0.082
2.5650	-0.077
2.5700	-0.072
2.5750	-0.068
2.5800	-0.063
2.5850	-0.058
2.5900	-0.053
2.5950	-0.049
2.6000	-0.042
2.6050	-0.038
2.6100	-0.033
2.6150	-0.028
2.6200	-0.022
2.6250	-0.017
2.6300	-0.013
2.6350	-0.006
2.6400	-0.002
2.6450	0.003
2.6500	0.009
2.6550	0.014
2.6600	0.019
2.6650	0.025
2.6700	0.030
2.6750	0.035
2.6800	0.039
2.6850	0.046
2.6900	0.050
2.6950	0.055
2.7000	0.060
2.7050	0.064
2.7100	0.069
2.7150	0.074
2.7200	0.079
2.7250	0.083
2.7300	0.086
2.7350	0.091
2.7400	0.094
2.7450	0.099
2.7500	0.102
2.7550	0.107
2.7600	0.110
2.7650	0.113
2.7700	0.116
2.7750	0.119
2.7800	0.123
2.7850	0.124
2.7900	0.127
2.7950	0.129
2.8000	0.132
2.8050	0.134
2.8100	0.135
2.8150	0.137
2.8200	0.138
2.8250	0.140
2.8300	0.141
2.8350	0.141
2.8400	0.143
2.8450	0.143
2.8500	0.143
2.8550	0.143
2.8600	0.143
2.8650	0.143
2.8700	0.143
2.8750	0.143
2.8800	0.143
2.8850	0.141
2.8900	0.140
2.8950	0.140
2.9000	0.138
2.9050	0.137
2.9100	0.134
2.9150	0.132
2.9200	0.130
2.9250	0.127
2.9300	0.126
2.9350	0.123
2.9400	0.119
2.9450	0.116
2.9500	0.113
2.9550	0.110
2.9600	0.107
2.9650	0.102
2.9700	0.099
2.9750	0.094
2.9800	0.091
2.9850	0.086
2.9900	0.083
2.9950	0.079
3.0000	0.074
3.0050	0.069
3.0100	0.064
3.0150	0.060
3.0200	0.055
3.0250	0.050
3.0300	0.046
3.0350	0.041
3.0400	0.035
3.0450	0.030
3.0500	0.025
3.0550	0.020
3.0600	0.014
3.0650	0.009
3.0700	0.005
3.0750	-0.002
3.0800	-0.006
3.0850	-0.011
3.0900	-0.017
3.0950	-0.022
3.1000	-0.027
3.1050	-0.033
3.1100	-0.038
3.1150	-0.042
3.1200	-0.047
3.1250	-0.052
3.1300	-0.057
3.1350	-0.061
3.1400	-0.066
3.1450	-0.071
3.1500	-0.075
3.1550	-0.080
3.1600	-0.085
3.1650	-0.088
3.1700	-0.093
3.1750	-0.096
3.1800	-0.101
3.1850	-0.104
3.1900	-0.107
3.1950	-0.110
3.2000	-0.113
3.2050	-0.116
3.2100	-0.119
3.2150	-0.123
3.2200	-0.124
3.2250	-0.127
3.2300	-0.130
3.2350	-0.132
3.2400	-0.134
3.2450	-0.135
3.2500	-0.137
3.2550	-0.138
3.2600	-0.140
3.2650	-0.140
3.2700	-0.141
3.2750	-0.141
3.2800	-0.143
3.2850	-0.143
3.2900	-0.143
3.2950	-0.143
3.3000	-0.143
3.3050	-0.143
3.3100	-0.143
3.3150	-0.141
3.3200	-0.140
3.3250	-0.138
3.3300	-0.138
3.3350	-0.137
3.3400	-0.134
3.3450	-0.132
3.3500	-0.130
3.3550	-0.127
3.3600	-0.126
3.3650	-0.123
3.3700	-0.119
3.3750	-0.118
3.3800	-0.115
3.3850	-0.112
3.3900	-0.107
3.3950	-0.104
3.4000	-0.101
3.4050	-0.096
3.4100	-0.093
3.4150	-0.088
3.4200	-0.085
3.4250	-0.080
3.4300	-0.075
3.4350	-0.071
3.4400	-0.068
3.4450	-0.063
3.4500	-0.058
3.4550	-0.053
3.4600	-0.047
3.4650	-0.042
3.4700	-0.038
3.4750	-0.033
3.4800	-0.028
3.4850	-0.022
3.4900	-0.017
3.4950	-0.013
3.5000	-0.006
3.5050	-0.002
3.5100	0.003
3.5150	0.008
3.5200	0.014
3.5250	0.019
3.5300	0.024
3.5350	0.028
3.5400	0.035
3.5450	0.039
3.5500	0.044
3.5550	0.049
3.5600	0.053
3.5650	0.058
3.5700	0.063
3.5750	0.068
3.5800	0.072
3.5850	0.077
3.5900	0.080
3.5950	0.085
3.6000	0.090
3.6050	0.093
3.6100	0.097
3.6150	0.101
3.6200	0.104
3.6250	0.107
3.6300	0.110
3.6350	0.113
3.6400	0.116
3.6450	0.119
3.6500	0.123
3.6550	0.124
3.6600	0.127
3.6650	0.129
3.6700	0.130
3.6750	0.134
3.6800	0.135
3.6850	0.135
3.6900	0.137
3.6950	0.138
3.7000	0.140
3.7050	0.140
3.7100	0.140
3.7150	0.141
3.7200	0.141
3.7250	0.141
3.7300	0.141
3.7350	0.141
3.7400	0.141
3.7450	0.140
3.7500	0.140
3.7550	0.138
3.7600	0.137
3.7650	0.135
3.7700	0.134
3.7750	0.132
3.7800	0.130
3.7850	0.127
3.7900	0.126
3.7950	0.123
3.8000	0.121
3.8050	0.118
3.8100	0.115
3.8150	0.112
3.8200	0.108
3.8250	0.105
3.8300	0.101
3.8350	0.097
3.8400	0.094
3.8450	0.090
3.8500	0.085
3.8550	0.082
3.8600	0.077
3.8650	0.072
3.8700	0.068
3.8750	0.064
3.8800	0.060
3.8850	0.055
3.8900	0.050
3.8950	0.044
3.9000	0.039
3.9050	0.035
3.9100	0.030
3.9150	0.025
3.9200	0.020
3.9250	0.014
3.9300	0.009
3.9350	0.005
3.9400	-0.002
3.9450	-0.006
3.9500	-0.011
3.9550	-0.016
3.9600	-0.022
3.9650	-0.027
3.9700	-0.031
3.9750	-0.036
3.9800	-0.041
3.9850	-0.046
3.9900	-0.050
3.9950	-0.055
4.0000	-0.060
4.0050	-0.064
4.0100	-0.069
4.0150	-0.074
4.0200	-0.079
4.0250	-0.082
4.0300	-0.086
4.0350	-0.091
4.0400	-0.094
4.0450	-0.097
4.0500	-0.102
4.0550	-0.105
4.0600	-0.108
4.0650	-0.112
4.0700	-0.115
4.0750	-0.118
4.0800	-0.119
4.0850	-0.123
4.0900	-0.124
4.0950	-0.127
4.1000	-0.129
4.1050	-0.130
4.1100	-0.134
4.1150	-0.135
4.1200	-0.135
4.1250	-0.137
4.1300	-0.138
4.1350	-0.138
4.1400	-0.140
4.1450	-0.140
4.1500	-0.140
4.1550	-0.140
4.1600	-0.140
4.1650	-0.140
4.1700	-0.140
4.1750	-0.140
4.1800	-0.138
4.1850	-0.138
4.1900	-0.137
4.1950	-0.135
4.2000	-0.134
4.2050	-0.132
4.2100	-0.130
4.2150	-0.127
4.2200	-0.126
4.2250	-0.124
4.2300	-0.121
4.2350	-0.118
4.2400	-0.115
4.2450	-0.112
4.2500	-0.108
4.2550	-0.105
4.2600	-0.102
4.2650	-0.099
4.2700	-0.094
4.2750	-0.091
4.2800	-0.088
4.2850	-0.083
4.2900	-0.079
4.2950	-0.075
4.3000	-0.071
4.3050	-0.066
4.3100	-0.061
4.3150	-0.057
4.3200	-0.052
4.3250	-0.047
4.3300	-0.042
4.3350	-0.038
4.3400	-0.033
4.3450	-0.028
4.3500	-0.022
4.3550	-0.017
4.3600	-0.013
4.3650	-0.008
4.3700	-0.003
4.3750	0.003
4.3800	0.008
4.3850	0.013
4.3900	0.017
4.3950	0.024
4.4000	0.028
4.4050	0.033
4.4100	0.038
4.4150	0.042
4.4200	0.047
4.4250	0.052
4.4300	0.057
4.4350	0.061
4.4400	0.066
4.4450	0.071
4.4500	0.075
4.4550	0.079
4.4600	0.083
4.4650	0.086
4.4700	0.091
4.4750	0.094
4.4800	0.097
4.4850	0.102
4.4900	0.105
4.4950	0.108
4.5000	0.112
4.5050	0.115
4.5100	0.116
4.5150	0.119
4.5200	0.123
4.5250	0.124
4.5300	0.127
4.5350	0.129
4.5400	0.130
4.5450	0.132
4.5500	0.134
4.5550	0.135
4.5600	0.135
4.5650	0.137
4.5700	0.137
4.5750	0.138
4.5800	0.138
4.5850	0.138
4.5900	0.138
4.5950	0.138
4.6000	0.138
4.6050	0.138
4.6100	0.138
4.6150	0.137
4.6200	0.135
4.6250	0.135
4.6300	0.134
4.6350	0.132
4.6400	0.130
4.6450	0.127
4.6500	0.126
4.6550	0.123
4.6600	0.121
4.6650	0.118
4.6700	0.115
4.6750	0.113
4.6800	0.110
4.6850	0.107
4.6900	0.104
4.6950	0.099
4.7000	0.096
4.7050	0.093
4.7100	0.088
4.7150	0.085
4.7200	0.080
4.7250	0.075
4.7300	0.072
4.7350	0.068
4.7400	0.063
4.7450	0.058
4.7500	0.053
4.7550	0.049
4.7600	0.044
4.7650	0.039
4.7700	0.035
4.7750	0.030
4.7800	0.025
4.7850	0.020
4.7900	0.014
4.7950	0.009
4.8000	0.005
4.8050	0.000
4.8100	-0.005
4.8150	-0.011
4.8200	-0.016
4.8250	-0.020
4.8300	-0.025
4.8350	-0.030
4.8400	-0.035
4.8450	-0.039
4.8500	-0.046
4.8550	-0.050
4.8600	-0.055
4.8650	-0.058
4.8700	-0.063
4.8750	-0.068
4.8800	-0.072
4.8850	-0.077
4.8900	-0.080
4.8950	-0.085
4.9000	-0.088
4.9050	-0.093
4.9100	-0.096
4.9150	-0.099
4.9200	-0.102
4.9250	-0.105
4.9300	-0.108
4.9350	-0.112
4.9400	-0.115
4.9450	-0.118
4.9500	-0.119
4.9550	-0.123
4.9600	-0.124
4.9650	-0.127
4.9700	-0.129
4.9750	-0.130
4.9800	-0.132
4.9850	-0.134
4.9900	-0.135
4.9950	-0.135
5.0000	-0.137
5.0050	-0.137
5.0100	-0.137
5.0150	-0.137
5.0200	-0.138
5.0250	-0.138
5.0300	-0.138
5.0350	-0.138
5.0400	-0.137
5.0450	-0.137
5.0500	-0.135
5.0550	-0.135
5.0600	-0.134
5.0650	-0.132
5.0700	-0.130
5.0750	-0.127
5.0800	-0.126
5.0850	-0.124
5.0900	-0.121
5.0950	-0.119
5.1000	-0.116
5.1050	-0.113
5.1100	-0.110
5.1150	-0.107
5.1200	-0.104
5.1250	-0.101
5.1300	-0.097
5.1350	-0.094
5.1400	-0.090
5.1450	-0.086
5.1500	-0.082
5.1550	-0.079
5.1600	-0.074
5.1650	-0.069
5.1700	-0.064
5.1750	-0.061
5.1800	-0.057
5.1850	-0.052
5.1900	-0.047
5.1950	-0.042
5.2000	-0.038
5.2050	-0.033
5.2100	-0.028
5.2150	-0.022
5.2200	-0.017
5.2250	-0.013
5.2300	-0.008
5.2350	-0.003
5.2400	0.002
5.2450	0.008
5.2500	0.013
5.2550	0.017
5.2600	0.022
5.2650	0.027
5.2700	0.031
5.2750	0.036
5.2800	0.041
5.2850	0.046
5.2900	0.050
5.2950	0.055
5.3000	0.060
5.3050	0.064
5.3100	0.069
5.3150	0.072
5.3200	0.077
5.3250	0.082
5.3300	0.085
5.3350	0.090
5.3400	0.093
5.3450	0.096
5.3500	0.099
5.3550	0.102
5.3600	0.107
5.3650	0.108
5.3700	0.112
5.3750	0.115
5.3800	0.118
5.3850	0.119
5.3900	0.123
5.3950	0.124
5.4000	0.126
5.4050	0.127
5.4100	0.129
5.4150	0.130
5.4200	0.132
5.4250	0.134
5.4300	0.134
5.4350	0.135
5.4400	0.135
5.4450	0.135
5.4500	0.135
5.4550	0.135
5.4600	0.135
5.4650	0.135
5.4700	0.135
5.4750	0.135
5.4800	0.135
5.4850	0.134
5.4900	0.132
5.4950	0.130
5.5000	0.129
5.5050	0.127
5.5100	0.126
5.5150	0.124
5.5200	0.121
5.5250	0.119
5.5300	0.116
5.5350	0.113
5.5400	0.110
5.5450	0.108
5.5500	0.105
5.5550	0.102
5.5600	0.097
5.5650	0.094
5.5700	0.091
5.5750	0.086
5.5800	0.083
5.5850	0.079
5.5900	0.075
5.5950	0.071
5.6000	0.066
5.6050	0.063
5.6100	0.058
5.6150	0.053
5.6200	0.049
5.6250	0.044
5.6300	0.039
5.6350	0.035
5.6400	0.030
5.6450	0.025
5.6500	0.020
5.6550	0.014
5.6600	0.009
5.6650	0.005
5.6700	0.000
5.6750	-0.005
5.6800	-0.009
5.6850	-0.014
5.6900	-0.020
5.6950	-0.025
5.7000	-0.030
5.7050	-0.035
5.7100	-0.039
5.7150	-0.044
5.7200	-0.049
5.7250	-0.053
5.7300	-0.058
5.7350	-0.061
5.7400	-0.066
5.7450	-0.071
5.7500	-0.074
5.7550	-0.079
5.7600	-0.083
5.7650	-0.086
5.7700	-0.090
5.7750	-0.094
5.7800	-0.097
5.7850	-0.101
5.7900	-0.104
5.7950	-0.107
5.8000	-0.110
5.8050	-0.113
5.8100	-0.115
5.8150	-0.118
5.8200	-0.119
5.8250	-0.123
5.8300	-0.124
5.8350	-0.126
5.8400	-0.127
5.8450	-0.129
5.8500	-0.130
5.8550	-0.132
5.8600	-0.132
5.8650	-0.134
5.8700	-0.134
5.8750	-0.135
5.8800	-0.135
5.8850	-0.135
5.8900	-0.135
5.8950	-0.135
5.9000	-0.135
5.9050	-0.135
5.9100	-0.134
5.9150	-0.134
5.9200	-0.132
5.9250	-0.130
5.9300	-0.129
5.9350	-0.127
5.9400	-0.126
5.9450	-0.124
5.9500	-0.121
5.9550	-0.119
5.9600	-0.116
5.9650	-0.115
5.9700	-0.112
5.9750	-0.108
5.9800	-0.105
5.9850	-0.102
5.9900	-0.099
5.9950	-0.096
6.0000	-0.093
6.0050	-0.088
6.0100	-0.085
6.0150	-0.080
6.0200	-0.077
6.0250	-0.072
6.0300	-0.069
6.0350	-0.064
6.0400	-0.060
6.0450	-0.055
6.0500	-0.050
6.0550	-0.047
6.0600	-0.042
6.0650	-0.038
6.0700	-0.031
6.0750	-0.028
6.0800	-0.022
6.0850	-0.017
6.0900	-0.013
6.0950	-0.008
6.1000	-0.003
6.1050	0.002
6.1100	0.006
6.1150	0.011
6.1200	0.016
6.1250	0.020
6.1300	0.027
6.1350	0.031
6.1400	0.036
6.1450	0.041
6.1500	0.046
6.1550	0.049
6.1600	0.053
6.1650	0.058
6.1700	0.063
6.1750	0.068
6.1800	0.071
6.1850	0.075
6.1900	0.079
6.1950	0.083
6.2000	0.086
6.2050	0.091
6.2100	0.094
6.2150	0.097
6.2200	0.101
6.2250	0.104
6.2300	0.107
6.2350	0.110
6.2400	0.112
6.2450	0.115
6.2500	0.118
6.2550	0.119
6.2600	0.121
6.2650	0.123
6.2700	0.126
6.2750	0.127
6.2800	0.129
6.2850	0.129
6.2900	0.130
6.2950	0.132
6.3000	0.132
6.3050	0.132
6.3100	0.134
6.3150	0.134
6.3200	0.134
6.3250	0.134
6.3300	0.134
6.3350	0.134
6.3400	0.134
6.3450	0.132
6.3500	0.130
6.3550	0.130
6.3600	0.129
6.3650	0.127
6.3700	0.126
6.3750	0.123
6.3800	0.121
6.3850	0.119
6.3900	0.116
6.3950	0.115
6.4000	0.112
6.4050	0.108
6.4100	0.105
6.4150	0.102
6.4200	0.099
6.4250	0.096
6.4300	0.093
6.4350	0.090
6.4400	0.085
6.4450	0.082
6.4500	0.079
6.4550	0.074
6.4600	0.069
6.4650	0.066
6.4700	0.061
6.4750	0.057
6.4800	0.052
6.4850	0.047
6.4900	0.044
6.4950	0.039
6.5000	0.035
6.5050	0.030
6.5100	0.025
6.5150	0.020
6.5200	0.014
6.5250	0.009
6.5300	0.005
6.5350	0.000
6.5400	-0.005
6.5450	-0.009
6.5500	-0.014
6.5550	-0.019
6.5600	-0.024
6.5650	-0.028
6.5700	-0.033
6.5750	-0.038
6.5800	-0.042
6.5850	-0.047
6.5900	-0.052
6.5950	-0.057
6.6000	-0.060
6.6050	-0.064
6.6100	-0.069
6.6150	-0.072
6.6200	-0.077
6.6250	-0.080
6.6300	-0.085
6.6350	-0.088
6.6400	-0.091
6.6450	-0.096
6.6500	-0.099
6.6550	-0.102
6.6600	-0.105
6.6650	-0.107
6.6700	-0.110
6.6750	-0.113
6.6800	-0.115
6.6850	-0.118
6.6900	-0.119
6.6950	-0.121
6.7000	-0.124
6.7050	-0.126
6.7100	-0.127
6.7150	-0.127
6.7200	-0.129
6.7250	-0.130
6.7300	-0.130
6.7350	-0.132
6.7400	-0.132
6.7450	-0.132
6.7500	-0.132
6.7550	-0.132
6.7600	-0.132
6.7650	-0.132
6.7700	-0.132
6.7750	-0.132
6.7800	-0.130
6.7850	-0.129
6.7900	-0.129
6.7950	-0.127
6.8000	-0.126
6.8050	-0.124
6.8100	-0.121
6.8150	-0.119
6.8200	-0.118
6.8250	-0.115
6.8300	-0.112
6.8350	-0.110
6.8400	-0.107
6.8450	-0.104
6.8500	-0.101
6.8550	-0.097
6.8600	-0.094
6.8650	-0.091
6.8700	-0.086
6.8750	-0.083
6.8800	-0.080
6.8850	-0.075
6.8900	-0.072
6.8950	-0.068
6.9000	-0.063
6.9050	-0.060
6.9100	-0.055
6.9150	-0.050
6.9200	-0.046
6.9250	-0.041
6.9300	-0.036
6.9350	-0.031
6.9400	-0.027
6.9450	-0.022
6.9500	-0.017
6.9550	-0.013
6.9600	-0.008
6.9650	-0.003
6.9700	0.002
6.9750	0.006
6.9800	0.011
6.9850	0.016
6.9900	0.020
6.9950	0.025
7.0000	0.030
7.0050	0.035
7.0100	0.039
7.0150	0.044
7.0200	0.049
7.0250	0.052
7.0300	0.057
7.0350	0.061
7.0400	0.066
7.0450	0.069
7.0500	0.074
7.0550	0.077
7.0600	0.082
7.0650	0.085
7.0700	0.088
7.0750	0.091
7.0800	0.096
7.0850	0.099
7.0900	0.102
7.0950	0.104
7.1000	0.107
7.1050	0.110
7.1100	0.113
7.1150	0.115
7.1200	0.116
7.1250	0.119
7.1300	0.121
7.1350	0.123
7.1400	0.124
7.1450	0.126
7.1500	0.127
7.1550	0.127
7.1600	0.129
7.1650	0.129
7.1700	0.130
7.1750	0.130
7.1800	0.130
7.1850	0.130
7.1900	0.130
7.1950	0.130
7.2000	0.130
7.2050	0.130
7.2100	0.129
7.2150	0.129
7.2200	0.127
7.2250	0.126
7.2300	0.124
7.2350	0.123
7.2400	0.121
7.2450	0.119
7.2500	0.116
7.2550	0.115
7.2600	0.112
7.2650	0.110
7.2700	0.107
7.2750	0.104
7.2800	0.101
7.2850	0.097
7.2900	0.094
7.2950	0.091
7.3000	0.088
7.3050	0.085
7.3100	0.080
7.3150	0.077
7.3200	0.072
7.3250	0.069
7.3300	0.064
7.3350	0.060
7.3400	0.057
7.3450	0.052
7.3500	0.047
7.3550	0.042
7.3600	0.038
7.3650	0.033
7.3700	0.028
7.3750	0.024
7.3800	0.020
7.3850	0.014
7.3900	0.009
7.3950	0.005
7.4000	0.000
7.4050	-0.005
7.4100	-0.009
7.4150	-0.014
7.4200	-0.019
7.4250	-0.024
7.4300	-0.028
7.4350	-0.033
7.4400	-0.036
7.4450	-0.041
7.4500	-0.046
7.4550	-0.050
7.4600	-0.055
7.4650	-0.058
7.4700	-0.063
7.4750	-0.068
7.4800	-0.071
7.4850	-0.075
7.4900	-0.079
7.4950	-0.083
7.5000	-0.086
7.5050	-0.090
7.5100	-0.093
7.5150	-0.096
7.5200	-0.099
7.5250	-0.102
7.5300	-0.105
7.5350	-0.108
7.5400	-0.110
7.5450	-0.113
7.5500	-0.115
7.5550	-0.118
7.5600	-0.119
7.5650	-0.121
7.5700	-0.123
7.5750	-0.124
7.5800	-0.126
7.5850	-0.127
7.5900	-0.127
7.5950	-0.129
7.6000	-0.129
7.6050	-0.129
7.6100	-0.130
7.6150	-0.130
7.6200	-0.130
7.6250	-0.130
7.6300	-0.130
7.6350	-0.130
7.6400	-0.129
7.6450	-0.129
7.6500	-0.127
7.6550	-0.126
7.6600	-0.124
7.6650	-0.123
7.6700	-0.121
7.6750	-0.119
7.6800	-0.118
7.6850	-0.115
7.6900	-0.113
7.6950	-0.110
7.7000	-0.107
7.7050	-0.105
7.7100	-0.102
7.7150	-0.099
7.7200	-0.096
7.7250	-0.093
7.7300	-0.090
7.7350	-0.086
7.7400	-0.082
7.7450	-0.079
7.7500	-0.074
7.7550	-0.071
7.7600	-0.066
7.7650	-0.063
7.7700	-0.058
7.7750	-0.053
7.7800	-0.050
7.7850	-0.046
7.7900	-0.041
7.7950	-0.036
7.8000	-0.031
7.8050	-0.027
7.8100	-0.022
7.8150	-0.017
7.8200	-0.013
7.8250	-0.008
7.8300	-0.003
7.8350	0.002
7.8400	0.006
7.8450	0.011
7.8500	0.016
7.8550	0.020
7.8600	0.025
7.8650	0.028
7.8700	0.033
7.8750	0.038
7.8800	0.042
7.8850	0.047
7.8900	0.052
7.8950	0.055
7.9000	0.060
7.9050	0.064
7.9100	0.068
7.9150	0.072
7.9200	0.075
7.9250	0.080
7.9300	0.083
7.9350	0.086
7.9400	0.090
7.9450	0.093
7.9500	0.096
7.9550	0.099
7.9600	0.102
7.9650	0.105
7.9700	0.108
7.9750	0.110
7.9800	0.113
7.9850	0.115
7.9900	0.116
7.9950	0.118
8.0000	0.121
8.0050	0.121
8.0100	0.123
8.0150	0.124
8.0200	0.126
8.0250	0.126
8.0300	0.127
8.0350	0.127
8.0400	0.127
8.0450	0.129
8.0500	0.129
8.0550	0.129
8.0600	0.129
8.0650	0.129
8.0700	0.127
8.0750	0.127
8.0800	0.126
8.0850	0.126
8.0900	0.124
8.0950	0.123
8.1000	0.121
8.1050	0.119
8.1100	0.116
8.1150	0.115
8.1200	0.113
8.1250	0.110
8.1300	0.108
8.1350	0.105
8.1400	0.102
8.1450	0.099
8.1500	0.096
8.1550	0.093
8.1600	0.090
8.1650	0.086
8.1700	0.083
8.1750	0.079
8.1800	0.075
8.1850	0.071
8.1900	0.068
8.1950	0.063
8.2000	0.060
8.2050	0.055
8.2100	0.050
8.2150	0.047
8.2200	0.042
8.2250	0.038
8.2300	0.033
8.2350	0.028
8.2400	0.024
8.2450	0.019
8.2500	0.014
8.2550	0.009
8.2600	0.006
8.2650	0.002
8.2700	-0.003
8.2750	-0.008
8.2800	-0.013
8.2850	-0.017
8.2900	-0.022
8.2950	-0.027
8.3000	-0.031
8.3050	-0.036
8.3100	-0.041
8.3150	-0.044
8.3200	-0.049
8.3250	-0.053
8.3300	-0.058
8.3350	-0.061
8.3400	-0.066
8.3450	-0.069
8.3500	-0.074
8.3550	-0.077
8.3600	-0.080
8.3650	-0.085
8.3700	-0.088
8.3750	-0.091
8.3800	-0.094
8.3850	-0.097
8.3900	-0.101
8.3950	-0.104
8.4000	-0.105
8.4050	-0.108
8.4100	-0.110
8.4150	-0.113
8.4200	-0.115
8.4250	-0.116
8.4300	-0.118
8.4350	-0.119
8.4400	-0.121
8.4450	-0.123
8.4500	-0.124
8.4550	-0.124
8.4600	-0.126
8.4650	-0.126
8.4700	-0.127
8.4750	-0.127
8.4800	-0.127
8.4850	-0.127
8.4900	-0.127
8.4950	-0.127
8.5000	-0.127
8.5050	-0.126
8.5100	-0.126
8.5150	-0.124
8.5200	-0.124
8.5250	-0.123
8.5300	-0.121
8.5350	-0.119
8.5400	-0.116
8.5450	-0.115
8.5500	-0.113
8.5550	-0.110
8.5600	-0.108
8.5650	-0.105
8.5700	-0.104
8.5750	-0.101
8.5800	-0.097
8.5850	-0.094
8.5900	-0.091
8.5950	-0.088
8.6000	-0.085
8.6050	-0.080
8.6100	-0.077
8.6150	-0.074
8.6200	-0.069
8.6250	-0.066
8.6300	-0.061
8.6350	-0.057
8.6400	-0.053
8.6450	-0.049
8.6500	-0.044
8.6550	-0.041
8.6600	-0.036
8.6650	-0.031
8.6700	-0.027
8.6750	-0.022
8.6800	-0.017
8.6850	-0.013
8.6900	-0.008
8.6950	-0.003
8.7000	0.002
8.7050	0.006
8.7100	0.009
8.7150	0.014
8.7200	0.019
8.7250	0.024
8.7300	0.028
8.7350	0.033
8.7400	0.038
8.7450	0.041
8.7500	0.046
8.7550	0.050
8.7600	0.055
8.7650	0.058
8.7700	0.063
8.7750	0.066
8.7800	0.071
8.7850	0.074
8.7900	0.077
8.7950	0.082
8.8000	0.085
8.8050	0.088
8.8100	0.091
8.8150	0.094
8.8200	0.097
8.8250	0.101
8.8300	0.104
8.8350	0.105
8.8400	0.108
8.8450	0.110
8.8500	0.113
8.8550	0.115
8.8600	0.116
8.8650	0.118
8.8700	0.119
8.8750	0.121
8.8800	0.123
8.8850	0.123
8.8900	0.124
8.8950	0.124
8.9000	0.126
8.9050	0.126
8.9100	0.126
8.9150	0.126
8.9200	0.126
8.9250	0.126
8.9300	0.126
8.9350	0.126
8.9400	0.124
8.9450	0.124
8.9500	0.123
8.9550	0.121
8.9600	0.119
8.9650	0.118
8.9700	0.116
8.9750	0.115
8.9800	0.113
8.9850	0.110
8.9900	0.108
8.9950	0.105
9.0000	0.104
9.0050	0.101
9.0100	0.097
9.0150	0.094
9.0200	0.091
9.0250	0.088
9.0300	0.085
9.0350	0.082
9.0400	0.077
9.0450	0.074
9.0500	0.071
9.0550	0.066
9.0600	0.063
9.0650	0.058
9.0700	0.053
9.0750	0.050
9.0800	0.046
9.0850	0.041
9.0900	0.038
9.0950	0.033
9.1000	0.028
9.1050	0.024
9.1100	0.019
9.1150	0.014
9.1200	0.009
9.1250	0.006
9.1300	0.002
9.1350	-0.003
9.1400	-0.008
9.1450	-0.013
9.1500	-0.017
9.1550	-0.022
9.1600	-0.027
9.1650	-0.031
9.1700	-0.035
9.1750	-0.039
9.1800	-0.044
9.1850	-0.049
9.1900	-0.052
9.1950	-0.057
9.2000	-0.060
9.2050	-0.064
9.2100	-0.068
9.2150	-0.072
9.2200	-0.075
9.2250	-0.079
9.2300	-0.083
9.2350	-0.086
9.2400	-0.090
9.2450	-0.093
9.2500	-0.096
9.2550	-0.099
9.2600	-0.101
9.2650	-0.104
9.2700	-0.105
9.2750	-0.108
9.2800	-0.110
9.2850	-0.113
9.2900	-0.115
9.2950	-0.116
9.3000	-0.118
9.3050	-0.119
9.3100	-0.121
9.3150	-0.121
9.3200	-0.123
9.3250	-0.123
9.3300	-0.124
9.3350	-0.124
9.3400	-0.124
9.3450	-0.124
9.3500	-0.124
9.3550	-0.124
9.3600	-0.124
9.3650	-0.124
9.3700	-0.124
9.3750	-0.123
9.3800	-0.123
9.3850	-0.121
9.3900	-0.119
9.3950	-0.118
9.4000	-0.116
9.4050	-0.115
9.4100	-0.113
9.4150	-0.110
9.4200	-0.108
9.4250	-0.107
9.4300	-0.104
9.4350	-0.101
9.4400	-0.099
9.4450	-0.096
9.4500	-0.093
9.4550	-0.090
9.4600	-0.086
9.4650	-0.082
9.4700	-0.079
9.4750	-0.075
9.4800	-0.072
9.4850	-0.068
9.4900	-0.064
9.4950	-0.060
9.5000	-0.057
9.5050	-0.052
9.5100	-0.047
9.5150	-0.044
9.5200	-0.039
9.5250	-0.035
9.5300	-0.030
9.5350	-0.027
9.5400	-0.022
9.5450	-0.017
9.5500	-0.013
9.5550	-0.008
9.5600	-0.003
9.5650	0.002
9.5700	0.005
9.5750	0.009
9.5800	0.014
9.5850	0.019
9.5900	0.024
9.5950	0.028
9.6000	0.031
9.6050	0.036
9.6100	0.041
9.6150	0.046
9.6200	0.049
9.6250	0.053
9.6300	0.057
9.6350	0.061
9.6400	0.064
9.6450	0.069
9.6500	0.072
9.6550	0.075
9.6600	0.080
9.6650	0.083
9.6700	0.086
9.6750	0.090
9.6800	0.093
9.6850	0.096
9.6900	0.097
9.6950	0.101
9.7000	0.104
9.7050	0.105
9.7100	0.108
9.7150	0.110
9.7200	0.112
9.7250	0.113
9.7300	0.116
9.7350	0.116
9.7400	0.118
9.7450	0.119
9.7500	0.121
9.7550	0.121
9.7600	0.123
9.7650	0.123
9.7700	0.123
9.7750	0.123
9.7800	0.123
9.7850	0.123
9.7900	0.123
9.7950	0.123
9.8000	0.123
9.8050	0.123
9.8100	0.121
9.8150	0.121
9.8200	0.119
9.8250	0.118
9.8300	0.116
9.8350	0.115
9.8400	0.113
9.8450	0.110
9.8500	0.108
9.8550	0.107
9.8600	0.104
9.8650	0.101
9.8700	0.099
9.8750	0.096
9.8800	0.093
9.8850	0.090
9.8900	0.086
9.8950	0.083
9.9000	0.080
9.9050	0.077
9.9100	0.072
9.9150	0.069
9.9200	0.064
9.9250	0.061
9.9300	0.057
9.9350	0.053
9.9400	0.049
9.9450	0.046
9.9500	0.041
9.9550	0.036
9.9600	0.031
9.9650	0.028
9.9700	0.024
9.9750	0.019
9.9800	0.014
9.9850	0.009
9.9900	0.005
9.9950	0.002
10.0000	-0.003
10.0050	-0.008
10.0100	-0.013
10.0150	-0.017
10.0200	-0.022
10.0250	-0.025
10.0300	-0.030
10.0350	-0.035
10.0400	-0.039
10.0450	-0.042
10.0500	-0.047
10.0550	-0.052
10.0600	-0.055
10.0650	-0.060
10.0700	-0.063
10.0750	-0.068
10.0800	-0.071
10.0850	-0.074
10.0900	-0.077
10.0950	-0.082
10.1000	-0.085
10.1050	-0.088
10.1100	-0.091
10.1150	-0.093
10.1200	-0.096
10.1250	-0.099
10.1300	-0.102
10.1350	-0.104
10.1400	-0.105
10.1450	-0.108
10.1500	-0.110
10.1550	-0.112
10.1600	-0.113
10.1650	-0.115
10.1700	-0.116
10.1750	-0.118
10.1800	-0.119
10.1850	-0.119
10.1900	-0.121
10.1950	-0.121
10.2000	-0.123
10.2050	-0.123
10.2100	-0.123
10.2150	-0.123
10.2200	-0.123
10.2250	-0.123
10.2300	-0.123
10.2350	-0.121
10.2400	-0.121
10.2450	-0.119
10.2500	-0.118
10.2550	-0.118
10.2600	-0.116
10.2650	-0.115
10.2700	-0.113
10.2750	-0.110
10.2800	-0.108
10.2850	-0.107
10.2900	-0.104
10.2950	-0.102
10.3000	-0.099
10.3050	-0.096
10.3100	-0.093
10.3150	-0.091
10.3200	-0.088
10.3250	-0.085
10.3300	-0.080
10.3350	-0.077
10.3400	-0.074
10.3450	-0.071
10.3500	-0.066
10.3550	-0.063
10.3600	-0.060
10.3650	-0.055
10.3700	-0.050
10.3750	-0.047
10.3800	-0.042
10.3850	-0.039
10.3900	-0.035
10.3950	-0.030
10.4000	-0.025
10.4050	-0.022
10.4100	-0.017
10.4150	-0.013
10.4200	-0.008
10.4250	-0.003
10.4300	0.000
10.4350	0.005
10.4400	0.009
10.4450	0.014
10.4500	0.019
10.4550	0.022
10.4600	0.027
10.4650	0.031
10.4700	0.036
10.4750	0.039
10.4800	0.044
10.4850	0.049
10.4900	0.052
10.4950	0.057
10.5000	0.060
10.5050	0.064
10.5100	0.068
10.5150	0.071
10.5200	0.075
10.5250	0.079
10.5300	0.082
10.5350	0.085
10.5400	0.088
10.5450	0.091
10.5500	0.094
10.5550	0.096
10.5600	0.099
10.5650	0.102
10.5700	0.104
10.5750	0.105
10.5800	0.108
10.5850	0.110
10.5900	0.112
10.5950	0.113
10.6000	0.115
10.6050	0.116
10.6100	0.116
10.6150	0.118
10.6200	0.119
10.6250	0.119
10.6300	0.119
10.6350	0.121
10.6400	0.121
10.6450	0.121
10.6500	0.121
10.6550	0.121
10.6600	0.121
10.6650	0.121
10.6700	0.119
10.6750	0.119
10.6800	0.118
10.6850	0.116
10.6900	0.115
10.6950	0.113
10.7000	0.112
10.7050	0.110
10.7100	0.108
10.7150	0.107
10.7200	0.104
10.7250	0.102
10.7300	0.099
10.7350	0.096
10.7400	0.094
10.7450	0.091
10.7500	0.088
10.7550	0.085
10.7600	0.082
10.7650	0.079
10.7700	0.075
10.7750	0.071
10.7800	0.068
10.7850	0.064
10.7900	0.060
10.7950	0.057
10.8000	0.052
10.8050	0.049
10.8100	0.044
10.8150	0.039
10.8200	0.036
10.8250	0.031
10.8300	0.027
10.8350	0.024
10.8400	0.019
10.8450	0.014
10.8500	0.009
10.8550	0.005
10.8600	0.002
10.8650	-0.003
10.8700	-0.008
10.8750	-0.013
10.8800	-0.017
10.8850	-0.020
10.8900	-0.025
10.8950	-0.030
10.9000	-0.033
10.9050	-0.038
10.9100	-0.042
10.9150	-0.046
10.9200	-0.050
10.9250	-0.053
10.9300	-0.058
10.9350	-0.061
10.9400	-0.066
10.9450	-0.069
10.9500	-0.072
10.9550	-0.075
10.9600	-0.079
10.9650	-0.082
10.9700	-0.086
10.9750	-0.088
10.9800	-0.091
10.9850	-0.094
10.9900	-0.097
10.9950	-0.099
11.0000	-0.102
11.0050	-0.104
11.0100	-0.105
11.0150	-0.108
11.0200	-0.110
11.0250	-0.112
11.0300	-0.113
11.0350	-0.115
11.0400	-0.116
11.0450	-0.116
11.0500	-0.118
11.0550	-0.118
11.0600	-0.119
11.0650	-0.119
11.0700	-0.119
11.0750	-0.119
11.0800	-0.119
11.0850	-0.119
11.0900	-0.119
11.0950	-0.119
11.1000	-0.119
11.1050	-0.118
11.1100	-0.118
11.1150	-0.116
11.1200	-0.115
11.1250	-0.113
11.1300	-0.112
11.1350	-0.110
11.1400	-0.108
11.1450	-0.107
11.1500	-0.104
11.1550	-0.102
11.1600	-0.099
11.1650	-0.097
11.1700	-0.094
11.1750	-0.091
11.1800	-0.088
11.1850	-0.086
11.1900	-0.083
11.1950	-0.080
11.2000	-0.075
11.2050	-0.072
11.2100	-0.069
11.2150	-0.066
11.2200	-0.061
11.2250	-0.058
11.2300	-0.053
11.2350	-0.050
11.2400	-0.046
11.2450	-0.042
11.2500	-0.038
11.2550	-0.033
11.2600	-0.030
11.2650	-0.025
11.2700	-0.020
11.2750	-0.017
11.2800	-0.013
11.2850	-0.008
11.2900	-0.003
11.2950	0.000
11.3000	0.005
11.3050	0.009
11.3100	0.014
11.3150	0.017
11.3200	0.022
11.3250	0.027
11.3300	0.031
11.3350	0.035
11.3400	0.039
11.3450	0.042
11.3500	0.047
11.3550	0.050
11.3600	0.055
11.3650	0.058
11.3700	0.063
11.3750	0.066
11.3800	0.069
11.3850	0.072
11.3900	0.077
11.3950	0.080
11.4000	0.083
11.4050	0.086
11.4100	0.088
11.4150	0.091
11.4200	0.094
11.4250	0.097
11.4300	0.099
11.4350	0.102
11.4400	0.104
11.4450	0.105
11.4500	0.107
11.4550	0.108
11.4600	0.110
11.4650	0.112
11.4700	0.113
11.4750	0.115
11.4800	0.116
11.4850	0.116
11.4900	0.116
11.4950	0.118
11.5000	0.118
11.5050	0.118
11.5100	0.118
11.5150	0.118
11.5200	0.118
11.5250	0.118
11.5300	0.118
11.5350	0.118
11.5400	0.116
11.5450	0.115
11.5500	0.115
11.5550	0.113
11.5600	0.112
11.5650	0.110
11.5700	0.108
11.5750	0.107
11.5800	0.104
11.5850	0.102
11.5900	0.099
11.5950	0.097
11.6000	0.094
11.6050	0.091
11.6100	0.090
11.6150	0.086
11.6200	0.083
11.6250	0.080
11.6300	0.077
11.6350	0.074
11.6400	0.069
11.6450	0.066
11.6500	0.063
11.6550	0.058
11.6600	0.055
11.6650	0.052
11.6700	0.047
11.6750	0.042
11.6800	0.039
11.6850	0.035
11.6900	0.031
11.6950	0.027
11.7000	0.022
11.7050	0.019
11.7100	0.014
11.7150	0.009
11.7200	0.005
11.7250	0.002
11.7300	-0.003
11.7350	-0.008
11.7400	-0.013
11.7450	-0.016
11.7500	-0.020
11.7550	-0.025
11.7600	-0.028
11.7650	-0.033
11.7700	-0.036
11.7750	-0.041
11.7800	-0.046
11.7850	-0.049
11.7900	-0.053
11.7950	-0.057
11.8000	-0.060
11.8050	-0.064
11.8100	-0.068
11.8150	-0.071
11.8200	-0.074
11.8250	-0.077
11.8300	-0.080
11.8350	-0.083
11.8400	-0.086
11.8450	-0.090
11.8500	-0.093
11.8550	-0.094
11.8600	-0.097
11.8650	-0.099
11.8700	-0.102
11.8750	-0.104
11.8800	-0.105
11.8850	-0.107
11.8900	-0.108
11.8950	-0.110
11.9000	-0.112
11.9050	-0.113
11.9100	-0.115
11.9150	-0.115
11.9200	-0.116
11.9250	-0.116
11.9300	-0.116
11.9350	-0.118
11.9400	-0.118
11.9450	-0.118
11.9500	-0.118
11.9550	-0.118
11.9600	-0.118
11.9650	-0.116
11.9700	-0.116
11.9750	-0.115
11.9800	-0.113
11.9850	-0.113
11.9900	-0.112
11.9950	-0.110
12.0000	-0.108
12.0050	-0.107
12.0100	-0.104
12.0150	-0.102
12.0200	-0.101
12.0250	-0.097
12.0300	-0.094
12.0350	-0.093
12.0400	-0.090
12.0450	-0.086
12.0500	-0.083
12.0550	-0.080
12.0600	-0.077
12.0650	-0.074
12.0700	-0.071
12.0750	-0.068
12.0800	-0.064
12.0850	-0.060
12.0900	-0.057
12.0950	-0.053
12.1000	-0.049
12.1050	-0.046
12.1100	-0.041
12.1150	-0.038
12.1200	-0.033
12.1250	-0.028
12.1300	-0.025
12.1350	-0.020
12.1400	-0.016
12.1450	-0.013
12.1500	-0.008
12.1550	-0.003
12.1600	0.000
12.1650	0.005
12.1700	0.009
12.1750	0.013
12.1800	0.017
12.1850	0.022
12.1900	0.025
12.1950	0.030
12.2000	0.035
12.2050	0.038
12.2100	0.042
12.2150	0.046
12.2200	0.050
12.2250	0.053
12.2300	0.058
12.2350	0.061
12.2400	0.064
12.2450	0.068
12.2500	0.071
12.2550	0.075
12.2600	0.079
12.2650	0.082
12.2700	0.083
12.2750	0.086
12.2800	0.090
12.2850	0.093
12.2900	0.094
12.2950	0.097
12.3000	0.099
12.3050	0.102
12.3100	0.104
12.3150	0.105
12.3200	0.107
12.3250	0.108
12.3300	0.110
12.3350	0.112
12.3400	0.112
12.3450	0.113
12.3500	0.115
12.3550	0.115
12.3600	0.115
12.3650	0.115
12.3700	0.116
12.3750	0.116
12.3800	0.116
12.3850	0.116
12.3900	0.116
12.3950	0.115
12.4000	0.115
12.4050	0.115
12.4100	0.113
12.4150	0.112
12.4200	0.110
12.4250	0.108
12.4300	0.107
12.4350	0.105
12.4400	0.104
12.4450	0.102
12.4500	0.099
12.4550	0.097
12.4600	0.094
12.4650	0.093
12.4700	0.090
12.4750	0.086
12.4800	0.085
12.4850	0.082
12.4900	0.079
12.4950	0.075
12.5000	0.072
12.5050	0.068
12.5100	0.064
12.5150	0.061
12.5200	0.058
12.5250	0.053
12.5300	0.050
12.5350	0.046
12.5400	0.042
12.5450	0.038
12.5500	0.035
12.5550	0.030
12.5600	0.027
12.5650	0.022
12.5700	0.017
12.5750	0.014
12.5800	0.009
12.5850	0.005
12.5900	0.002
12.5950	-0.003
12.6000	-0.008
12.6050	-0.011
12.6100	-0.016
12.6150	-0.020
12.6200	-0.024
12.6250	-0.028
12.6300	-0.031
12.6350	-0.036
12.6400	-0.041
12.6450	-0.044
12.6500	-0.049
12.6550	-0.052
12.6600	-0.055
12.6650	-0.060
12.6700	-0.063
12.6750	-0.066
12.6800	-0.069
12.6850	-0.072
12.6900	-0.075
12.6950	-0.079
12.7000	-0.082
12.7050	-0.085
12.7100	-0.088
12.7150	-0.090
12.7200	-0.093
12.7250	-0.096
12.7300	-0.097
12.7350	-0.099
12.7400	-0.102
12.7450	-0.104
12.7500	-0.105
12.7550	-0.107
12.7600	-0.108
12.7650	-0.110
12.7700	-0.112
12.7750	-0.112
12.7800	-0.113
12.7850	-0.113
12.7900	-0.115
12.7950	-0.115
12.8000	-0.115
12.8050	-0.115
12.8100	-0.115
12.8150	-0.115
12.8200	-0.115
12.8250	-0.115
12.8300	-0.115
12.8350	-0.113
12.8400	-0.113
12.8450	-0.112
12.8500	-0.110
12.8550	-0.108
12.8600	-0.107
12.8650	-0.105
12.8700	-0.104
12.8750	-0.102
12.8800	-0.101
12.8850	-0.097
12.8900	-0.096
12.8950	-0.093
12.9000	-0.091
12.9050	-0.088
12.9100	-0.085
12.9150	-0.082
12.9200	-0.079
12.9250	-0.075
12.9300	-0.072
12.9350	-0.069
12.9400	-0.066
12.9450	-0.063
12.9500	-0.060
12.9550	-0.055
12.9600	-0.052
12.9650	-0.049
12.9700	-0.044
12.9750	-0.041
12.9800	-0.036
12.9850	-0.033
12.9900	-0.028
12.9950	-0.024
13.0000	-0.020
13.0050	-0.016
13.0100	-0.013
13.0150	-0.008
13.0200	-0.003
13.0250	0.000
13.0300	0.005
13.0350	0.009
13.0400	0.013
13.0450	0.017
13.0500	0.022
13.0550	0.025
13.0600	0.030
13.0650	0.033
13.0700	0.038
13.0750	0.041
13.0800	0.046
13.0850	0.049
13.0900	0.052
13.0950	0.057
13.1000	0.060
13.1050	0.063
13.1100	0.066
13.1150	0.069
13.1200	0.072
13.1250	0.077
13.1300	0.079
13.1350	0.082
13.1400	0.085
13.1450	0.088
13.1500	0.090
13.1550	0.093
13.1600	0.094
13.1650	0.097
13.1700	0.099
13.1750	0.101
13.1800	0.104
13.1850	0.105
13.1900	0.107
13.1950	0.107
13.2000	0.108
13.2050	0.110
13.2100	0.110
13.2150	0.112
13.2200	0.112
13.2250	0.113
13.2300	0.113
13.2350	0.113
13.2400	0.113
13.2450	0.113
13.2500	0.113
13.2550	0.113
13.2600	0.113
13.2650	0.113
13.2700	0.112
13.2750	0.110
13.2800	0.110
13.2850	0.108
13.2900	0.107
13.2950	0.105
13.3000	0.104
13.3050	0.102
13.3100	0.099
13.3150	0.097
13.3200	0.096
13.3250	0.093
13.3300	0.091
13.3350	0.088
13.3400	0.085
13.3450	0.082
13.3500	0.080
13.3550	0.077
13.3600	0.074
13.3650	0.071
13.3700	0.066
13.3750	0.063
13.3800	0.060
13.3850	0.057
13.3900	0.052
13.3950	0.049
13.4000	0.046
13.4050	0.041
13.4100	0.038
13.4150	0.033
13.4200	0.030
13.4250	0.025
13.4300	0.022
13.4350	0.017
13.4400	0.014
13.4450	0.009
13.4500	0.005
13.4550	0.002
13.4600	-0.003
13.4650	-0.008
13.4700	-0.011
13.4750	-0.016
13.4800	-0.019
13.4850	-0.024
13.4900	-0.028
13.4950	-0.031
13.5000	-0.036
13.5050	-0.039
13.5100	-0.042
13.5150	-0.047
13.5200	-0.050
13.5250	-0.055
13.5300	-0.058
13.5350	-0.061
13.5400	-0.064
13.5450	-0.068
13.5500	-0.071
13.5550	-0.074
13.5600	-0.077
13.5650	-0.080
13.5700	-0.083
13.5750	-0.086
13.5800	-0.088
13.5850	-0.091
13.5900	-0.093
13.5950	-0.096
13.6000	-0.097
13.6050	-0.099
13.6100	-0.101
13.6150	-0.104
13.6200	-0.105
13.6250	-0.105
13.6300	-0.107
13.6350	-0.108
13.6400	-0.110
13.6450	-0.110
13.6500	-0.112
13.6550	-0.112
13.6600	-0.112
13.6650	-0.112
13.6700	-0.112
13.6750	-0.112
13.6800	-0.112
13.6850	-0.112
13.6900	-0.112
13.6950	-0.112
13.7000	-0.112
13.7050	-0.110
13.7100	-0.108
13.7150	-0.108
13.7200	-0.107
13.7250	-0.105
13.7300	-0.104
13.7350	-0.102
13.7400	-0.101
13.7450	-0.097
13.7500	-0.096
13.7550	-0.093
13.7600	-0.091
13.7650	-0.088
13.7700	-0.086
13.7750	-0.083
13.7800	-0.080
13.7850	-0.077
13.7900	-0.074
13.7950	-0.071
13.8000	-0.068
13.8050	-0.064
13.8100	-0.061
13.8150	-0.058
13.8200	-0.055
13.8250	-0.050
13.8300	-0.047
13.8350	-0.044
13.8400	-0.039
13.8450	-0.036
13.8500	-0.031
13.8550	-0.028
13.8600	-0.024
13.8650	-0.020
13.8700	-0.016
13.8750	-0.011
13.8800	-0.008
13.8850	-0.003
13.8900	0.000
13.8950	0.005
13.9000	0.008
13.9050	0.013
13.9100	0.017
13.9150	0.020
13.9200	0.025
13.9250	0.028
13.9300	0.033
13.9350	0.036
13.9400	0.041
13.9450	0.044
13.9500	0.047
13.9550	0.052
13.9600	0.055
13.9650	0.058
13.9700	0.061
13.9750	0.064
13.9800	0.069
13.9850	0.071
13.9900	0.074
13.9950	0.077
14.0000	0.080
14.0050	0.083
14.0100	0.085
14.0150	0.088
14.0200	0.091
14.0250	0.093
14.0300	0.094
14.0350	0.097
14.0400	0.099
14.0450	0.101
14.0500	0.102
14.0550	0.104
14.0600	0.105
14.0650	0.107
14.0700	0.107
14.0750	0.108
14.0800	0.108
14.0850	0.110
14.0900	0.110
14.0950	0.110
14.1000	0.110
14.1050	0.110
14.1100	0.110
14.1150	0.110
14.1200	0.110
14.1250	0.110
14.1300	0.110
14.1350	0.108
14.1400	0.108
14.1450	0.107
14.1500	0.105
14.1550	0.104
14.1600	0.102
14.1650	0.101
14.1700	0.099
14.1750	0.097
14.1800	0.096
14.1850	0.093
14.1900	0.091
14.1950	0.088
14.2000	0.086
14.2050	0.083
14.2100	0.080
14.2150	0.077
14.2200	0.075
14.2250	0.072
14.2300	0.069
14.2350	0.064
14.2400	0.061
14.2450	0.058
14.2500	0.055
14.2550	0.052
14.2600	0.047
14.2650	0.044
14.2700	0.041
14.2750	0.036
14.2800	0.033
14.2850	0.028
14.2900	0.025
14.2950	0.020
14.3000	0.017
14.3050	0.013
14.3100	0.009
14.3150	0.005
14.3200	0.002
14.3250	-0.003
14.3300	-0.008
14.3350	-0.011
14.3400	-0.016
14.3450	-0.019
14.3500	-0.024
14.3550	-0.027
14.3600	-0.031
14.3650	-0.035
14.3700	-0.038
14.3750	-0.042
14.3800	-0.046
14.3850	-0.049
14.3900	-0.053
14.3950	-0.057
14.4000	-0.060
14.4050	-0.063
14.4100	-0.066
14.4150	-0.069
14.4200	-0.072
14.4250	-0.075
14.4300	-0.079
14.4350	-0.082
14.4400	-0.083
14.4450	-0.086
14.4500	-0.090
14.4550	-0.091
14.4600	-0.093
14.4650	-0.096
14.4700	-0.097
14.4750	-0.099
14.4800	-0.101
14.4850	-0.102
14.4900	-0.104
14.4950	-0.105
14.5000	-0.105
14.5050	-0.107
14.5100	-0.108
14.5150	-0.108
14.5200	-0.108
14.5250	-0.110
14.5300	-0.110
14.5350	-0.110
14.5400	-0.110
14.5450	-0.110
14.5500	-0.110
14.5550	-0.110
14.5600	-0.110
14.5650	-0.108
14.5700	-0.107
14.5750	-0.107
14.5800	-0.105
14.5850	-0.104
14.5900	-0.102
14.5950	-0.101
14.6000	-0.099
14.6050	-0.097
14.6100	-0.096
14.6150	-0.094
14.6200	-0.091
14.6250	-0.090
14.6300	-0.086
14.6350	-0.085
14.6400	-0.082
14.6450	-0.079
14.6500	-0.075
14.6550	-0.072
14.6600	-0.069
14.6650	-0.066
14.6700	-0.063
14.6750	-0.060
14.6800	-0.057
14.6850	-0.053
14.6900	-0.050
14.6950	-0.046
14.7000	-0.042
14.7050	-0.038
14.7100	-0.035
14.7150	-0.031
14.7200	-0.027
14.7250	-0.024
14.7300	-0.019
14.7350	-0.016
14.7400	-0.011
14.7450	-0.008
14.7500	-0.003
14.7550	0.000
14.7600	0.005
14.7650	0.008
14.7700	0.013
14.7750	0.016
14.7800	0.020
14.7850	0.024
14.7900	0.028
14.7950	0.031
14.8000	0.036
14.8050	0.039
14.8100	0.042
14.8150	0.047
14.8200	0.050
14.8250	0.053
14.8300	0.057
14.8350	0.060
14.8400	0.064
14.8450	0.066
14.8500	0.069
14.8550	0.072
14.8600	0.075
14.8650	0.079
14.8700	0.082
14.8750	0.083
14.8800	0.086
14.8850	0.088
14.8900	0.091
14.8950	0.093
14.9000	0.094
14.9050	0.097
14.9100	0.099
14.9150	0.101
14.9200	0.102
14.9250	0.102
14.9300	0.104
14.9350	0.105
14.9400	0.105
14.9450	0.107
14.9500	0.107
14.9550	0.108
14.9600	0.108
14.9650	0.108
14.9700	0.108
14.9750	0.108
14.9800	0.108
14.9850	0.108
14.9900	0.108
14.9950	0.107
15.0000	0.107
15.0050	0.105
15.0100	0.105
15.0150	0.104
15.0200	0.102
15.0250	0.101
15.0300	0.099
15.0350	0.097
15.0400	0.096
15.0450	0.093
15.0500	0.091
15.0550	0.090
15.0600	0.086
15.0650	0.083
15.0700	0.082
15.0750	0.079
15.0800	0.075
15.0850	0.072
15.0900	0.071
15.0950	0.068
15.1000	0.064
15.1050	0.060
15.1100	0.057
15.1150	0.053
15.1200	0.050
15.1250	0.047
15.1300	0.042
15.1350	0.039
15.1400	0.036
15.1450	0.031
15.1500	0.028
15.1550	0.025
15.1600	0.020
15.1650	0.017
15.1700	0.013
15.1750	0.009
15.1800	0.005
15.1850	0.002
15.1900	-0.003
15.1950	-0.006
15.2000	-0.011
15.2050	-0.014
15.2100	-0.019
15.2150	-0.022
15.2200	-0.027
15.2250	-0.030
15.2300	-0.035
15.2350	-0.038
15.2400	-0.041
15.2450	-0.046
15.2500	-0.049
15.2550	-0.052
15.2600	-0.055
15.2650	-0.058
15.2700	-0.061
15.2750	-0.064
15.2800	-0.068
15.2850	-0.071
15.2900	-0.074
15.2950	-0.077
15.3000	-0.080
15.3050	-0.082
15.3100	-0.085
15.3150	-0.086
15.3200	-0.090
15.3250	-0.091
15.3300	-0.093
15.3350	-0.096
15.3400	-0.097
15.3450	-0.099
