Tempo ( s )	Posicao angular ( rad )
0.0000	0.000
0.0050	0.000
0.0100	0.000
0.0150	0.000
0.0200	0.000
0.0250	0.000
0.0300	0.000
0.0350	0.000
0.0400	0.000
0.0450	0.000
0.0500	0.000
0.0550	0.000
0.0600	0.000
0.0650	0.000
0.0700	0.000
0.0750	0.000
0.0800	0.000
0.0850	0.000
0.0900	0.000
0.0950	0.000
0.1000	0.000
0.1050	0.000
0.1100	0.000
0.1150	0.000
0.1200	0.000
0.1250	0.000
0.1300	0.000
0.1350	0.000
0.1400	0.000
0.1450	0.000
0.1500	0.000
0.1550	0.000
0.1600	0.000
0.1650	0.000
0.1700	0.000
0.1750	0.000
0.1800	0.000
0.1850	0.000
0.1900	0.000
0.1950	0.000
0.2000	0.000
0.2050	0.000
0.2100	0.000
0.2150	0.000
0.2200	0.000
0.2250	0.000
0.2300	0.000
0.2350	0.000
0.2400	0.000
0.2450	0.000
0.2500	0.000
0.2550	0.000
0.2600	0.000
0.2650	0.000
0.2700	0.000
0.2750	0.000
0.2800	0.000
0.2850	0.000
0.2900	0.000
0.2950	0.000
0.3000	0.000
0.3050	0.000
0.3100	0.000
0.3150	0.000
0.3200	0.000
0.3250	0.000
0.3300	0.000
0.3350	0.000
0.3400	0.000
0.3450	0.000
0.3500	0.000
0.3550	0.000
0.3600	0.000
0.3650	0.000
0.3700	0.000
0.3750	0.000
0.3800	0.000
0.3850	0.000
0.3900	0.000
0.3950	0.000
0.4000	0.000
0.4050	0.000
0.4100	0.000
0.4150	0.000
0.4200	0.000
0.4250	0.000
0.4300	0.000
0.4350	0.000
0.4400	0.000
0.4450	0.000
0.4500	0.000
0.4550	0.000
0.4600	0.000
0.4650	0.000
0.4700	0.000
0.4750	0.000
0.4800	0.000
0.4850	0.000
0.4900	0.000
0.4950	0.000
0.5000	0.000
0.5050	0.000
0.5100	0.000
0.5150	0.000
0.5200	0.000
0.5250	0.000
0.5300	0.000
0.5350	0.000
0.5400	0.000
0.5450	0.000
0.5500	0.000
0.5550	0.000
0.5600	0.000
0.5650	0.000
0.5700	0.000
0.5750	0.000
0.5800	0.000
0.5850	0.000
0.5900	0.000
0.5950	0.000
0.6000	0.000
0.6050	0.000
0.6100	0.000
0.6150	0.000
0.6200	0.000
0.6250	0.000
0.6300	0.000
0.6350	0.000
0.6400	0.000
0.6450	0.000
0.6500	0.000
0.6550	0.000
0.6600	0.000
0.6650	0.000
0.6700	0.000
0.6750	0.000
0.6800	0.000
0.6850	0.000
0.6900	0.000
0.6950	0.000
0.7000	0.000
0.7050	0.000
0.7100	0.000
0.7150	0.000
0.7200	0.000
0.7250	0.000
0.7300	0.000
0.7350	0.000
0.7400	0.000
0.7450	0.000
0.7500	0.000
0.7550	0.000
0.7600	0.000
0.7650	0.000
0.7700	0.000
0.7750	0.000
0.7800	0.000
0.7850	0.000
0.7900	0.000
0.7950	0.000
0.8000	0.000
0.8050	0.000
0.8100	0.000
0.8150	0.000
0.8200	0.000
0.8250	0.000
0.8300	0.000
0.8350	0.000
0.8400	0.000
0.8450	0.000
0.8500	0.000
0.8550	0.000
0.8600	0.000
0.8650	0.000
0.8700	0.000
0.8750	0.000
0.8800	0.000
0.8850	0.000
0.8900	0.000
0.8950	0.000
0.9000	-0.002
0.9050	-0.002
0.9100	-0.002
0.9150	-0.003
0.9200	-0.005
0.9250	-0.005
0.9300	-0.006
0.9350	-0.008
0.9400	-0.009
0.9450	-0.009
0.9500	-0.011
0.9550	-0.013
0.9600	-0.014
0.9650	-0.014
0.9700	-0.016
0.9750	-0.017
0.9800	-0.019
0.9850	-0.020
0.9900	-0.020
0.9950	-0.022
1.0000	-0.024
1.0050	-0.025
1.0100	-0.025
1.0150	-0.027
1.0200	-0.028
1.0250	-0.028
1.0300	-0.030
1.0350	-0.030
1.0400	-0.031
1.0450	-0.033
1.0500	-0.033
1.0550	-0.035
1.0600	-0.035
1.0650	-0.036
1.0700	-0.036
1.0750	-0.038
1.0800	-0.038
1.0850	-0.039
1.0900	-0.039
1.0950	-0.041
1.1000	-0.041
1.1050	-0.042
1.1100	-0.042
1.1150	-0.042
1.1200	-0.044
1.1250	-0.044
1.1300	-0.044
1.1350	-0.044
1.1400	-0.046
1.1450	-0.046
1.1500	-0.046
1.1550	-0.046
1.1600	-0.046
1.1650	-0.046
1.1700	-0.047
1.1750	-0.047
1.1800	-0.047
1.1850	-0.047
1.1900	-0.047
1.1950	-0.047
1.2000	-0.047
1.2050	-0.047
1.2100	-0.047
1.2150	-0.047
1.2200	-0.047
1.2250	-0.047
1.2300	-0.047
1.2350	-0.047
1.2400	-0.047
1.2450	-0.046
1.2500	-0.046
1.2550	-0.046
1.2600	-0.046
1.2650	-0.044
1.2700	-0.044
1.2750	-0.044
1.2800	-0.042
1.2850	-0.042
1.2900	-0.041
1.2950	-0.041
1.3000	-0.041
1.3050	-0.039
1.3100	-0.039
1.3150	-0.038
1.3200	-0.038
1.3250	-0.038
1.3300	-0.036
1.3350	-0.036
1.3400	-0.035
1.3450	-0.035
1.3500	-0.033
1.3550	-0.033
1.3600	-0.031
1.3650	-0.030
1.3700	-0.030
1.3750	-0.028
1.3800	-0.027
1.3850	-0.025
1.3900	-0.024
1.3950	-0.022
1.4000	-0.020
1.4050	-0.019
1.4100	-0.017
1.4150	-0.016
1.4200	-0.013
1.4250	-0.011
1.4300	-0.009
1.4350	-0.006
1.4400	-0.003
1.4450	-0.002
1.4500	0.002
1.4550	0.005
1.4600	0.006
1.4650	0.009
1.4700	0.013
1.4750	0.016
1.4800	0.017
1.4850	0.020
1.4900	0.022
1.4950	0.025
1.5000	0.027
1.5050	0.030
1.5100	0.031
1.5150	0.035
1.5200	0.036
1.5250	0.039
1.5300	0.041
1.5350	0.042
1.5400	0.046
1.5450	0.047
1.5500	0.050
1.5550	0.052
1.5600	0.055
1.5650	0.057
1.5700	0.058
1.5750	0.061
1.5800	0.063
1.5850	0.066
1.5900	0.068
1.5950	0.071
1.6000	0.074
1.6050	0.075
1.6100	0.079
1.6150	0.082
1.6200	0.083
1.6250	0.086
1.6300	0.090
1.6350	0.091
1.6400	0.094
1.6450	0.097
1.6500	0.101
1.6550	0.102
1.6600	0.105
1.6650	0.108
1.6700	0.110
1.6750	0.113
1.6800	0.116
1.6850	0.118
1.6900	0.121
1.6950	0.123
1.7000	0.126
1.7050	0.127
1.7100	0.130
1.7150	0.134
1.7200	0.135
1.7250	0.138
1.7300	0.140
1.7350	0.143
1.7400	0.145
1.7450	0.148
1.7500	0.151
1.7550	0.152
1.7600	0.156
1.7650	0.159
1.7700	0.162
1.7750	0.163
1.7800	0.167
1.7850	0.170
1.7900	0.173
1.7950	0.176
1.8000	0.179
1.8050	0.182
1.8100	0.185
1.8150	0.188
1.8200	0.192
1.8250	0.195
1.8300	0.198
1.8350	0.201
1.8400	0.203
1.8450	0.206
1.8500	0.209
1.8550	0.212
1.8600	0.215
1.8650	0.218
1.8700	0.221
1.8750	0.225
1.8800	0.226
1.8850	0.229
1.8900	0.232
1.8950	0.236
1.9000	0.237
1.9050	0.240
1.9100	0.243
1.9150	0.247
1.9200	0.248
1.9250	0.251
1.9300	0.254
1.9350	0.256
1.9400	0.259
1.9450	0.261
1.9500	0.262
1.9550	0.264
1.9600	0.265
1.9650	0.267
1.9700	0.269
1.9750	0.270
1.9800	0.270
1.9850	0.270
1.9900	0.272
1.9950	0.272
2.0000	0.272
2.0050	0.272
2.0100	0.272
2.0150	0.272
2.0200	0.270
2.0250	0.270
2.0300	0.269
2.0350	0.267
2.0400	0.265
2.0450	0.264
2.0500	0.262
2.0550	0.259
2.0600	0.258
2.0650	0.256
2.0700	0.253
2.0750	0.250
2.0800	0.247
2.0850	0.243
2.0900	0.240
2.0950	0.236
2.1000	0.232
2.1050	0.229
2.1100	0.225
2.1150	0.220
2.1200	0.215
2.1250	0.212
2.1300	0.207
2.1350	0.201
2.1400	0.196
2.1450	0.192
2.1500	0.187
2.1550	0.181
2.1600	0.174
2.1650	0.170
2.1700	0.163
2.1750	0.157
2.1800	0.151
2.1850	0.145
2.1900	0.138
2.1950	0.132
2.2000	0.126
2.2050	0.119
2.2100	0.113
2.2150	0.105
2.2200	0.099
2.2250	0.093
2.2300	0.085
2.2350	0.079
2.2400	0.071
2.2450	0.064
2.2500	0.057
2.2550	0.050
2.2600	0.042
2.2650	0.035
2.2700	0.028
2.2750	0.020
2.2800	0.013
2.2850	0.006
2.2900	-0.002
2.2950	-0.009
2.3000	-0.017
2.3050	-0.024
2.3100	-0.031
2.3150	-0.038
2.3200	-0.046
2.3250	-0.053
2.3300	-0.060
2.3350	-0.068
2.3400	-0.075
2.3450	-0.082
2.3500	-0.088
2.3550	-0.096
2.3600	-0.102
2.3650	-0.108
2.3700	-0.116
2.3750	-0.123
2.3800	-0.129
2.3850	-0.135
2.3900	-0.141
2.3950	-0.148
2.4000	-0.154
2.4050	-0.160
2.4100	-0.167
2.4150	-0.171
2.4200	-0.178
2.4250	-0.182
2.4300	-0.188
2.4350	-0.193
2.4400	-0.198
2.4450	-0.203
2.4500	-0.207
2.4550	-0.212
2.4600	-0.217
2.4650	-0.221
2.4700	-0.226
2.4750	-0.229
2.4800	-0.232
2.4850	-0.237
2.4900	-0.240
2.4950	-0.243
2.5000	-0.247
2.5050	-0.250
2.5100	-0.251
2.5150	-0.254
2.5200	-0.258
2.5250	-0.259
2.5300	-0.261
2.5350	-0.262
2.5400	-0.264
2.5450	-0.265
2.5500	-0.267
2.5550	-0.269
2.5600	-0.269
2.5650	-0.270
2.5700	-0.270
2.5750	-0.270
2.5800	-0.270
2.5850	-0.270
2.5900	-0.270
2.5950	-0.270
2.6000	-0.269
2.6050	-0.269
2.6100	-0.267
2.6150	-0.265
2.6200	-0.264
2.6250	-0.262
2.6300	-0.261
2.6350	-0.258
2.6400	-0.256
2.6450	-0.253
2.6500	-0.250
2.6550	-0.248
2.6600	-0.245
2.6650	-0.242
2.6700	-0.237
2.6750	-0.234
2.6800	-0.231
2.6850	-0.226
2.6900	-0.223
2.6950	-0.218
2.7000	-0.214
2.7050	-0.209
2.7100	-0.204
2.7150	-0.199
2.7200	-0.195
2.7250	-0.188
2.7300	-0.184
2.7350	-0.179
2.7400	-0.173
2.7450	-0.167
2.7500	-0.162
2.7550	-0.156
2.7600	-0.149
2.7650	-0.143
2.7700	-0.137
2.7750	-0.130
2.7800	-0.124
2.7850	-0.118
2.7900	-0.112
2.7950	-0.104
2.8000	-0.097
2.8050	-0.090
2.8100	-0.083
2.8150	-0.077
2.8200	-0.069
2.8250	-0.061
2.8300	-0.055
2.8350	-0.047
2.8400	-0.041
2.8450	-0.033
2.8500	-0.025
2.8550	-0.019
2.8600	-0.011
2.8650	-0.003
2.8700	0.003
2.8750	0.011
2.8800	0.019
2.8850	0.025
2.8900	0.033
2.8950	0.041
2.9000	0.047
2.9050	0.055
2.9100	0.061
2.9150	0.069
2.9200	0.075
2.9250	0.083
2.9300	0.090
2.9350	0.097
2.9400	0.104
2.9450	0.110
2.9500	0.118
2.9550	0.124
2.9600	0.130
2.9650	0.137
2.9700	0.143
2.9750	0.149
2.9800	0.156
2.9850	0.162
2.9900	0.167
2.9950	0.173
3.0000	0.178
3.0050	0.184
3.0100	0.188
3.0150	0.195
3.0200	0.199
3.0250	0.204
3.0300	0.209
3.0350	0.214
3.0400	0.218
3.0450	0.221
3.0500	0.226
3.0550	0.229
3.0600	0.234
3.0650	0.237
3.0700	0.240
3.0750	0.243
3.0800	0.247
3.0850	0.250
3.0900	0.253
3.0950	0.254
3.1000	0.258
3.1050	0.259
3.1100	0.261
3.1150	0.262
3.1200	0.264
3.1250	0.265
3.1300	0.267
3.1350	0.269
3.1400	0.269
3.1450	0.269
3.1500	0.270
3.1550	0.270
3.1600	0.270
3.1650	0.270
3.1700	0.270
3.1750	0.270
3.1800	0.269
3.1850	0.267
3.1900	0.267
3.1950	0.265
3.2000	0.264
3.2050	0.262
3.2100	0.259
3.2150	0.258
3.2200	0.254
3.2250	0.253
3.2300	0.250
3.2350	0.247
3.2400	0.243
3.2450	0.240
3.2500	0.237
3.2550	0.234
3.2600	0.229
3.2650	0.226
3.2700	0.221
3.2750	0.217
3.2800	0.214
3.2850	0.209
3.2900	0.204
3.2950	0.198
3.3000	0.193
3.3050	0.188
3.3100	0.182
3.3150	0.178
3.3200	0.171
3.3250	0.167
3.3300	0.160
3.3350	0.154
3.3400	0.148
3.3450	0.141
3.3500	0.135
3.3550	0.129
3.3600	0.123
3.3650	0.116
3.3700	0.110
3.3750	0.104
3.3800	0.096
3.3850	0.090
3.3900	0.082
3.3950	0.075
3.4000	0.068
3.4050	0.061
3.4100	0.053
3.4150	0.047
3.4200	0.039
3.4250	0.031
3.4300	0.025
3.4350	0.017
3.4400	0.011
3.4450	0.003
3.4500	-0.005
3.4550	-0.011
3.4600	-0.019
3.4650	-0.027
3.4700	-0.033
3.4750	-0.041
3.4800	-0.049
3.4850	-0.055
3.4900	-0.063
3.4950	-0.069
3.5000	-0.077
3.5050	-0.083
3.5100	-0.091
3.5150	-0.097
3.5200	-0.104
3.5250	-0.112
3.5300	-0.118
3.5350	-0.124
3.5400	-0.130
3.5450	-0.137
3.5500	-0.143
3.5550	-0.149
3.5600	-0.156
3.5650	-0.160
3.5700	-0.167
3.5750	-0.173
3.5800	-0.178
3.5850	-0.184
3.5900	-0.188
3.5950	-0.193
3.6000	-0.198
3.6050	-0.204
3.6100	-0.207
3.6150	-0.212
3.6200	-0.217
3.6250	-0.221
3.6300	-0.225
3.6350	-0.229
3.6400	-0.232
3.6450	-0.237
3.6500	-0.240
3.6550	-0.243
3.6600	-0.247
3.6650	-0.248
3.6700	-0.251
3.6750	-0.254
3.6800	-0.256
3.6850	-0.258
3.6900	-0.261
3.6950	-0.262
3.7000	-0.264
3.7050	-0.264
3.7100	-0.265
3.7150	-0.267
3.7200	-0.267
3.7250	-0.269
3.7300	-0.269
3.7350	-0.269
3.7400	-0.269
3.7450	-0.269
3.7500	-0.269
3.7550	-0.269
3.7600	-0.267
3.7650	-0.265
3.7700	-0.264
3.7750	-0.264
3.7800	-0.262
3.7850	-0.259
3.7900	-0.258
3.7950	-0.256
3.8000	-0.253
3.8050	-0.251
3.8100	-0.248
3.8150	-0.245
3.8200	-0.242
3.8250	-0.239
3.8300	-0.236
3.8350	-0.231
3.8400	-0.228
3.8450	-0.223
3.8500	-0.220
3.8550	-0.215
3.8600	-0.210
3.8650	-0.206
3.8700	-0.201
3.8750	-0.196
3.8800	-0.192
3.8850	-0.185
3.8900	-0.181
3.8950	-0.176
3.9000	-0.170
3.9050	-0.163
3.9100	-0.159
3.9150	-0.152
3.9200	-0.146
3.9250	-0.140
3.9300	-0.134
3.9350	-0.127
3.9400	-0.121
3.9450	-0.115
3.9500	-0.107
3.9550	-0.101
3.9600	-0.094
3.9650	-0.086
3.9700	-0.080
3.9750	-0.074
3.9800	-0.066
3.9850	-0.058
3.9900	-0.052
3.9950	-0.044
4.0000	-0.038
4.0050	-0.030
4.0100	-0.024
4.0150	-0.016
4.0200	-0.008
4.0250	-0.002
4.0300	0.006
4.0350	0.014
4.0400	0.020
4.0450	0.028
4.0500	0.036
4.0550	0.042
4.0600	0.050
4.0650	0.057
4.0700	0.064
4.0750	0.071
4.0800	0.079
4.0850	0.085
4.0900	0.093
4.0950	0.099
4.1000	0.105
4.1050	0.112
4.1100	0.119
4.1150	0.126
4.1200	0.132
4.1250	0.138
4.1300	0.145
4.1350	0.151
4.1400	0.156
4.1450	0.162
4.1500	0.168
4.1550	0.173
4.1600	0.179
4.1650	0.184
4.1700	0.190
4.1750	0.195
4.1800	0.199
4.1850	0.204
4.1900	0.209
4.1950	0.214
4.2000	0.218
4.2050	0.221
4.2100	0.226
4.2150	0.229
4.2200	0.234
4.2250	0.237
4.2300	0.240
4.2350	0.243
4.2400	0.247
4.2450	0.250
4.2500	0.251
4.2550	0.254
4.2600	0.256
4.2650	0.258
4.2700	0.261
4.2750	0.262
4.2800	0.264
4.2850	0.264
4.2900	0.265
4.2950	0.267
4.3000	0.267
4.3050	0.267
4.3100	0.269
4.3150	0.269
4.3200	0.269
4.3250	0.269
4.3300	0.269
4.3350	0.267
4.3400	0.267
4.3450	0.265
4.3500	0.264
4.3550	0.262
4.3600	0.261
4.3650	0.259
4.3700	0.258
4.3750	0.254
4.3800	0.253
4.3850	0.250
4.3900	0.247
4.3950	0.243
4.4000	0.240
4.4050	0.237
4.4100	0.234
4.4150	0.231
4.4200	0.226
4.4250	0.223
4.4300	0.218
4.4350	0.214
4.4400	0.210
4.4450	0.206
4.4500	0.201
4.4550	0.195
4.4600	0.190
4.4650	0.185
4.4700	0.181
4.4750	0.174
4.4800	0.168
4.4850	0.163
4.4900	0.157
4.4950	0.151
4.5000	0.145
4.5050	0.138
4.5100	0.132
4.5150	0.126
4.5200	0.119
4.5250	0.113
4.5300	0.107
4.5350	0.101
4.5400	0.093
4.5450	0.086
4.5500	0.079
4.5550	0.072
4.5600	0.066
4.5650	0.058
4.5700	0.050
4.5750	0.044
4.5800	0.036
4.5850	0.030
4.5900	0.022
4.5950	0.016
4.6000	0.008
4.6050	0.000
4.6100	-0.006
4.6150	-0.014
4.6200	-0.022
4.6250	-0.028
4.6300	-0.036
4.6350	-0.042
4.6400	-0.050
4.6450	-0.057
4.6500	-0.064
4.6550	-0.071
4.6600	-0.079
4.6650	-0.085
4.6700	-0.093
4.6750	-0.099
4.6800	-0.105
4.6850	-0.113
4.6900	-0.119
4.6950	-0.126
4.7000	-0.132
4.7050	-0.138
4.7100	-0.145
4.7150	-0.151
4.7200	-0.156
4.7250	-0.162
4.7300	-0.168
4.7350	-0.173
4.7400	-0.179
4.7450	-0.184
4.7500	-0.188
4.7550	-0.195
4.7600	-0.199
4.7650	-0.204
4.7700	-0.209
4.7750	-0.214
4.7800	-0.217
4.7850	-0.221
4.7900	-0.225
4.7950	-0.229
4.8000	-0.232
4.8050	-0.236
4.8100	-0.239
4.8150	-0.242
4.8200	-0.245
4.8250	-0.248
4.8300	-0.251
4.8350	-0.253
4.8400	-0.254
4.8450	-0.258
4.8500	-0.259
4.8550	-0.261
4.8600	-0.262
4.8650	-0.264
4.8700	-0.264
4.8750	-0.265
4.8800	-0.265
4.8850	-0.265
4.8900	-0.267
4.8950	-0.267
4.9000	-0.267
4.9050	-0.267
4.9100	-0.267
4.9150	-0.265
4.9200	-0.265
4.9250	-0.264
4.9300	-0.262
4.9350	-0.261
4.9400	-0.259
4.9450	-0.258
4.9500	-0.256
4.9550	-0.253
4.9600	-0.251
4.9650	-0.248
4.9700	-0.245
4.9750	-0.242
4.9800	-0.239
4.9850	-0.236
4.9900	-0.232
4.9950	-0.228
5.0000	-0.225
5.0050	-0.220
5.0100	-0.217
5.0150	-0.212
5.0200	-0.207
5.0250	-0.203
5.0300	-0.198
5.0350	-0.193
5.0400	-0.188
5.0450	-0.182
5.0500	-0.178
5.0550	-0.173
5.0600	-0.167
5.0650	-0.160
5.0700	-0.156
5.0750	-0.149
5.0800	-0.143
5.0850	-0.137
5.0900	-0.130
5.0950	-0.124
5.1000	-0.118
5.1050	-0.112
5.1100	-0.105
5.1150	-0.097
5.1200	-0.091
5.1250	-0.083
5.1300	-0.077
5.1350	-0.071
5.1400	-0.063
5.1450	-0.057
5.1500	-0.049
5.1550	-0.042
5.1600	-0.035
5.1650	-0.027
5.1700	-0.020
5.1750	-0.013
5.1800	-0.006
5.1850	0.002
5.1900	0.009
5.1950	0.016
5.2000	0.024
5.2050	0.030
5.2100	0.038
5.2150	0.044
5.2200	0.052
5.2250	0.060
5.2300	0.066
5.2350	0.074
5.2400	0.080
5.2450	0.086
5.2500	0.094
5.2550	0.101
5.2600	0.107
5.2650	0.113
5.2700	0.121
5.2750	0.127
5.2800	0.134
5.2850	0.140
5.2900	0.145
5.2950	0.151
5.3000	0.157
5.3050	0.163
5.3100	0.168
5.3150	0.174
5.3200	0.179
5.3250	0.185
5.3300	0.190
5.3350	0.195
5.3400	0.199
5.3450	0.204
5.3500	0.209
5.3550	0.214
5.3600	0.218
5.3650	0.221
5.3700	0.226
5.3750	0.229
5.3800	0.232
5.3850	0.237
5.3900	0.240
5.3950	0.243
5.4000	0.245
5.4050	0.248
5.4100	0.251
5.4150	0.253
5.4200	0.256
5.4250	0.258
5.4300	0.259
5.4350	0.261
5.4400	0.262
5.4450	0.262
5.4500	0.264
5.4550	0.265
5.4600	0.265
5.4650	0.265
5.4700	0.265
5.4750	0.265
5.4800	0.265
5.4850	0.265
5.4900	0.265
5.4950	0.265
5.5000	0.264
5.5050	0.264
5.5100	0.262
5.5150	0.261
5.5200	0.259
5.5250	0.256
5.5300	0.254
5.5350	0.253
5.5400	0.250
5.5450	0.247
5.5500	0.245
5.5550	0.242
5.5600	0.239
5.5650	0.236
5.5700	0.231
5.5750	0.228
5.5800	0.225
5.5850	0.220
5.5900	0.215
5.5950	0.212
5.6000	0.207
5.6050	0.203
5.6100	0.198
5.6150	0.193
5.6200	0.187
5.6250	0.182
5.6300	0.176
5.6350	0.171
5.6400	0.165
5.6450	0.160
5.6500	0.154
5.6550	0.148
5.6600	0.141
5.6650	0.135
5.6700	0.129
5.6750	0.123
5.6800	0.116
5.6850	0.110
5.6900	0.104
5.6950	0.097
5.7000	0.090
5.7050	0.083
5.7100	0.075
5.7150	0.069
5.7200	0.063
5.7250	0.055
5.7300	0.049
5.7350	0.041
5.7400	0.033
5.7450	0.027
5.7500	0.019
5.7550	0.013
5.7600	0.005
5.7650	-0.002
5.7700	-0.009
5.7750	-0.017
5.7800	-0.024
5.7850	-0.031
5.7900	-0.038
5.7950	-0.046
5.8000	-0.052
5.8050	-0.060
5.8100	-0.066
5.8150	-0.074
5.8200	-0.080
5.8250	-0.088
5.8300	-0.094
5.8350	-0.101
5.8400	-0.107
5.8450	-0.115
5.8500	-0.121
5.8550	-0.127
5.8600	-0.134
5.8650	-0.140
5.8700	-0.146
5.8750	-0.151
5.8800	-0.157
5.8850	-0.163
5.8900	-0.168
5.8950	-0.174
5.9000	-0.179
5.9050	-0.185
5.9100	-0.190
5.9150	-0.195
5.9200	-0.199
5.9250	-0.204
5.9300	-0.209
5.9350	-0.214
5.9400	-0.217
5.9450	-0.221
5.9500	-0.225
5.9550	-0.229
5.9600	-0.232
5.9650	-0.236
5.9700	-0.239
5.9750	-0.242
5.9800	-0.245
5.9850	-0.248
5.9900	-0.250
5.9950	-0.253
6.0000	-0.254
6.0050	-0.256
6.0100	-0.258
6.0150	-0.259
6.0200	-0.261
6.0250	-0.262
6.0300	-0.262
6.0350	-0.264
6.0400	-0.264
6.0450	-0.264
6.0500	-0.265
6.0550	-0.265
6.0600	-0.265
6.0650	-0.265
6.0700	-0.264
6.0750	-0.264
6.0800	-0.262
6.0850	-0.262
6.0900	-0.261
6.0950	-0.259
6.1000	-0.258
6.1050	-0.254
6.1100	-0.253
6.1150	-0.251
6.1200	-0.248
6.1250	-0.245
6.1300	-0.242
6.1350	-0.239
6.1400	-0.236
6.1450	-0.232
6.1500	-0.229
6.1550	-0.226
6.1600	-0.221
6.1650	-0.218
6.1700	-0.214
6.1750	-0.209
6.1800	-0.204
6.1850	-0.199
6.1900	-0.195
6.1950	-0.190
6.2000	-0.185
6.2050	-0.181
6.2100	-0.174
6.2150	-0.170
6.2200	-0.163
6.2250	-0.157
6.2300	-0.152
6.2350	-0.146
6.2400	-0.140
6.2450	-0.134
6.2500	-0.127
6.2550	-0.121
6.2600	-0.115
6.2650	-0.108
6.2700	-0.102
6.2750	-0.094
6.2800	-0.088
6.2850	-0.082
6.2900	-0.074
6.2950	-0.068
6.3000	-0.060
6.3050	-0.053
6.3100	-0.046
6.3150	-0.039
6.3200	-0.031
6.3250	-0.025
6.3300	-0.017
6.3350	-0.011
6.3400	-0.003
6.3450	0.005
6.3500	0.011
6.3550	0.019
6.3600	0.025
6.3650	0.033
6.3700	0.039
6.3750	0.047
6.3800	0.053
6.3850	0.061
6.3900	0.068
6.3950	0.075
6.4000	0.082
6.4050	0.090
6.4100	0.096
6.4150	0.102
6.4200	0.108
6.4250	0.115
6.4300	0.121
6.4350	0.129
6.4400	0.135
6.4450	0.140
6.4500	0.146
6.4550	0.152
6.4600	0.159
6.4650	0.163
6.4700	0.170
6.4750	0.174
6.4800	0.181
6.4850	0.185
6.4900	0.190
6.4950	0.196
6.5000	0.201
6.5050	0.206
6.5100	0.209
6.5150	0.214
6.5200	0.218
6.5250	0.221
6.5300	0.226
6.5350	0.229
6.5400	0.232
6.5450	0.236
6.5500	0.239
6.5550	0.242
6.5600	0.245
6.5650	0.248
6.5700	0.250
6.5750	0.253
6.5800	0.254
6.5850	0.256
6.5900	0.258
6.5950	0.259
6.6000	0.261
6.6050	0.262
6.6100	0.262
6.6150	0.264
6.6200	0.264
6.6250	0.264
6.6300	0.264
6.6350	0.264
6.6400	0.264
6.6450	0.264
6.6500	0.264
6.6550	0.264
6.6600	0.262
6.6650	0.261
6.6700	0.259
6.6750	0.258
6.6800	0.256
6.6850	0.254
6.6900	0.253
6.6950	0.250
6.7000	0.248
6.7050	0.245
6.7100	0.242
6.7150	0.239
6.7200	0.236
6.7250	0.232
6.7300	0.229
6.7350	0.225
6.7400	0.221
6.7450	0.217
6.7500	0.212
6.7550	0.209
6.7600	0.204
6.7650	0.199
6.7700	0.195
6.7750	0.190
6.7800	0.184
6.7850	0.179
6.7900	0.174
6.7950	0.168
6.8000	0.162
6.8050	0.157
6.8100	0.151
6.8150	0.145
6.8200	0.138
6.8250	0.132
6.8300	0.126
6.8350	0.119
6.8400	0.113
6.8450	0.107
6.8500	0.101
6.8550	0.094
6.8600	0.086
6.8650	0.080
6.8700	0.074
6.8750	0.066
6.8800	0.060
6.8850	0.052
6.8900	0.046
6.8950	0.038
6.9000	0.031
6.9050	0.024
6.9100	0.017
6.9150	0.009
6.9200	0.002
6.9250	-0.005
6.9300	-0.013
6.9350	-0.019
6.9400	-0.027
6.9450	-0.033
6.9500	-0.041
6.9550	-0.047
6.9600	-0.055
6.9650	-0.061
6.9700	-0.069
6.9750	-0.075
6.9800	-0.082
6.9850	-0.090
6.9900	-0.096
6.9950	-0.102
7.0000	-0.108
7.0050	-0.116
7.0100	-0.123
7.0150	-0.129
7.0200	-0.135
7.0250	-0.141
7.0300	-0.146
7.0350	-0.152
7.0400	-0.159
7.0450	-0.163
7.0500	-0.170
7.0550	-0.174
7.0600	-0.181
7.0650	-0.185
7.0700	-0.190
7.0750	-0.195
7.0800	-0.199
7.0850	-0.204
7.0900	-0.209
7.0950	-0.214
7.1000	-0.217
7.1050	-0.221
7.1100	-0.225
7.1150	-0.229
7.1200	-0.232
7.1250	-0.236
7.1300	-0.239
7.1350	-0.242
7.1400	-0.245
7.1450	-0.247
7.1500	-0.250
7.1550	-0.251
7.1600	-0.253
7.1650	-0.254
7.1700	-0.258
7.1750	-0.258
7.1800	-0.259
7.1850	-0.261
7.1900	-0.261
7.1950	-0.262
7.2000	-0.262
7.2050	-0.262
7.2100	-0.264
7.2150	-0.264
7.2200	-0.264
7.2250	-0.264
7.2300	-0.262
7.2350	-0.262
7.2400	-0.261
7.2450	-0.259
7.2500	-0.258
7.2550	-0.256
7.2600	-0.254
7.2650	-0.253
7.2700	-0.250
7.2750	-0.248
7.2800	-0.245
7.2850	-0.243
7.2900	-0.240
7.2950	-0.237
7.3000	-0.234
7.3050	-0.231
7.3100	-0.226
7.3150	-0.223
7.3200	-0.218
7.3250	-0.215
7.3300	-0.210
7.3350	-0.206
7.3400	-0.201
7.3450	-0.196
7.3500	-0.192
7.3550	-0.187
7.3600	-0.182
7.3650	-0.178
7.3700	-0.171
7.3750	-0.167
7.3800	-0.160
7.3850	-0.154
7.3900	-0.149
7.3950	-0.143
7.4000	-0.137
7.4050	-0.130
7.4100	-0.124
7.4150	-0.118
7.4200	-0.112
7.4250	-0.105
7.4300	-0.099
7.4350	-0.091
7.4400	-0.085
7.4450	-0.079
7.4500	-0.071
7.4550	-0.064
7.4600	-0.057
7.4650	-0.050
7.4700	-0.042
7.4750	-0.036
7.4800	-0.028
7.4850	-0.022
7.4900	-0.014
7.4950	-0.008
7.5000	0.000
7.5050	0.006
7.5100	0.014
7.5150	0.020
7.5200	0.028
7.5250	0.036
7.5300	0.042
7.5350	0.049
7.5400	0.057
7.5450	0.063
7.5500	0.071
7.5550	0.077
7.5600	0.083
7.5650	0.091
7.5700	0.097
7.5750	0.104
7.5800	0.110
7.5850	0.118
7.5900	0.124
7.5950	0.130
7.6000	0.137
7.6050	0.141
7.6100	0.148
7.6150	0.154
7.6200	0.159
7.6250	0.165
7.6300	0.171
7.6350	0.176
7.6400	0.181
7.6450	0.187
7.6500	0.192
7.6550	0.196
7.6600	0.201
7.6650	0.206
7.6700	0.209
7.6750	0.214
7.6800	0.218
7.6850	0.221
7.6900	0.226
7.6950	0.229
7.7000	0.232
7.7050	0.236
7.7100	0.239
7.7150	0.242
7.7200	0.245
7.7250	0.247
7.7300	0.250
7.7350	0.251
7.7400	0.253
7.7450	0.256
7.7500	0.258
7.7550	0.258
7.7600	0.259
7.7650	0.261
7.7700	0.261
7.7750	0.262
7.7800	0.262
7.7850	0.262
7.7900	0.262
7.7950	0.262
7.8000	0.262
7.8050	0.262
7.8100	0.262
7.8150	0.261
7.8200	0.261
7.8250	0.259
7.8300	0.258
7.8350	0.256
7.8400	0.254
7.8450	0.251
7.8500	0.250
7.8550	0.247
7.8600	0.245
7.8650	0.242
7.8700	0.239
7.8750	0.236
7.8800	0.232
7.8850	0.229
7.8900	0.226
7.8950	0.221
7.9000	0.218
7.9050	0.214
7.9100	0.210
7.9150	0.206
7.9200	0.201
7.9250	0.196
7.9300	0.192
7.9350	0.187
7.9400	0.181
7.9450	0.176
7.9500	0.170
7.9550	0.165
7.9600	0.159
7.9650	0.154
7.9700	0.148
7.9750	0.141
7.9800	0.135
7.9850	0.129
7.9900	0.123
7.9950	0.116
8.0000	0.110
8.0050	0.104
8.0100	0.097
8.0150	0.091
8.0200	0.083
8.0250	0.077
8.0300	0.069
8.0350	0.063
8.0400	0.057
8.0450	0.049
8.0500	0.042
8.0550	0.035
8.0600	0.028
8.0650	0.020
8.0700	0.014
8.0750	0.006
8.0800	0.000
8.0850	-0.008
8.0900	-0.014
8.0950	-0.022
8.1000	-0.028
8.1050	-0.036
8.1100	-0.042
8.1150	-0.050
8.1200	-0.057
8.1250	-0.064
8.1300	-0.071
8.1350	-0.079
8.1400	-0.085
8.1450	-0.091
8.1500	-0.097
8.1550	-0.105
8.1600	-0.112
8.1650	-0.118
8.1700	-0.124
8.1750	-0.130
8.1800	-0.137
8.1850	-0.143
8.1900	-0.148
8.1950	-0.154
8.2000	-0.160
8.2050	-0.165
8.2100	-0.171
8.2150	-0.176
8.2200	-0.181
8.2250	-0.185
8.2300	-0.192
8.2350	-0.196
8.2400	-0.201
8.2450	-0.204
8.2500	-0.209
8.2550	-0.214
8.2600	-0.217
8.2650	-0.221
8.2700	-0.225
8.2750	-0.229
8.2800	-0.232
8.2850	-0.236
8.2900	-0.239
8.2950	-0.240
8.3000	-0.243
8.3050	-0.247
8.3100	-0.248
8.3150	-0.251
8.3200	-0.253
8.3250	-0.254
8.3300	-0.256
8.3350	-0.258
8.3400	-0.258
8.3450	-0.259
8.3500	-0.261
8.3550	-0.261
8.3600	-0.261
8.3650	-0.261
8.3700	-0.261
8.3750	-0.261
8.3800	-0.261
8.3850	-0.261
8.3900	-0.261
8.3950	-0.259
8.4000	-0.259
8.4050	-0.258
8.4100	-0.256
8.4150	-0.254
8.4200	-0.253
8.4250	-0.250
8.4300	-0.248
8.4350	-0.245
8.4400	-0.243
8.4450	-0.240
8.4500	-0.237
8.4550	-0.234
8.4600	-0.231
8.4650	-0.228
8.4700	-0.223
8.4750	-0.220
8.4800	-0.215
8.4850	-0.212
8.4900	-0.207
8.4950	-0.203
8.5000	-0.198
8.5050	-0.193
8.5100	-0.188
8.5150	-0.184
8.5200	-0.179
8.5250	-0.173
8.5300	-0.168
8.5350	-0.163
8.5400	-0.157
8.5450	-0.151
8.5500	-0.146
8.5550	-0.140
8.5600	-0.134
8.5650	-0.127
8.5700	-0.121
8.5750	-0.115
8.5800	-0.108
8.5850	-0.102
8.5900	-0.094
8.5950	-0.088
8.6000	-0.082
8.6050	-0.075
8.6100	-0.068
8.6150	-0.061
8.6200	-0.053
8.6250	-0.047
8.6300	-0.039
8.6350	-0.033
8.6400	-0.025
8.6450	-0.019
8.6500	-0.011
8.6550	-0.005
8.6600	0.003
8.6650	0.009
8.6700	0.017
8.6750	0.024
8.6800	0.031
8.6850	0.038
8.6900	0.046
8.6950	0.052
8.7000	0.058
8.7050	0.066
8.7100	0.072
8.7150	0.080
8.7200	0.086
8.7250	0.093
8.7300	0.099
8.7350	0.107
8.7400	0.113
8.7450	0.119
8.7500	0.126
8.7550	0.132
8.7600	0.138
8.7650	0.143
8.7700	0.149
8.7750	0.156
8.7800	0.160
8.7850	0.167
8.7900	0.171
8.7950	0.178
8.8000	0.182
8.8050	0.187
8.8100	0.192
8.8150	0.196
8.8200	0.201
8.8250	0.206
8.8300	0.210
8.8350	0.214
8.8400	0.218
8.8450	0.221
8.8500	0.226
8.8550	0.229
8.8600	0.232
8.8650	0.236
8.8700	0.239
8.8750	0.242
8.8800	0.243
8.8850	0.247
8.8900	0.248
8.8950	0.251
8.9000	0.253
8.9050	0.254
8.9100	0.256
8.9150	0.258
8.9200	0.258
8.9250	0.259
8.9300	0.259
8.9350	0.261
8.9400	0.261
8.9450	0.261
8.9500	0.261
8.9550	0.261
8.9600	0.261
8.9650	0.261
8.9700	0.261
8.9750	0.259
8.9800	0.258
8.9850	0.256
8.9900	0.254
8.9950	0.253
9.0000	0.251
9.0050	0.250
9.0100	0.247
9.0150	0.245
9.0200	0.242
9.0250	0.239
9.0300	0.236
9.0350	0.232
9.0400	0.229
9.0450	0.226
9.0500	0.223
9.0550	0.218
9.0600	0.215
9.0650	0.210
9.0700	0.207
9.0750	0.203
9.0800	0.198
9.0850	0.193
9.0900	0.188
9.0950	0.182
9.1000	0.178
9.1050	0.173
9.1100	0.167
9.1150	0.162
9.1200	0.156
9.1250	0.151
9.1300	0.145
9.1350	0.138
9.1400	0.132
9.1450	0.126
9.1500	0.119
9.1550	0.113
9.1600	0.107
9.1650	0.101
9.1700	0.094
9.1750	0.086
9.1800	0.080
9.1850	0.074
9.1900	0.066
9.1950	0.060
9.2000	0.053
9.2050	0.046
9.2100	0.039
9.2150	0.031
9.2200	0.025
9.2250	0.017
9.2300	0.011
9.2350	0.003
9.2400	-0.003
9.2450	-0.011
9.2500	-0.017
9.2550	-0.025
9.2600	-0.031
9.2650	-0.039
9.2700	-0.046
9.2750	-0.053
9.2800	-0.060
9.2850	-0.066
9.2900	-0.074
9.2950	-0.080
9.3000	-0.086
9.3050	-0.094
9.3100	-0.101
9.3150	-0.107
9.3200	-0.113
9.3250	-0.119
9.3300	-0.126
9.3350	-0.132
9.3400	-0.138
9.3450	-0.145
9.3500	-0.149
9.3550	-0.156
9.3600	-0.160
9.3650	-0.167
9.3700	-0.171
9.3750	-0.178
9.3800	-0.182
9.3850	-0.187
9.3900	-0.192
9.3950	-0.196
9.4000	-0.201
9.4050	-0.206
9.4100	-0.210
9.4150	-0.214
9.4200	-0.218
9.4250	-0.221
9.4300	-0.225
9.4350	-0.228
9.4400	-0.232
9.4450	-0.236
9.4500	-0.237
9.4550	-0.240
9.4600	-0.243
9.4650	-0.245
9.4700	-0.248
9.4750	-0.250
9.4800	-0.251
9.4850	-0.253
9.4900	-0.254
9.4950	-0.256
9.5000	-0.258
9.5050	-0.258
9.5100	-0.259
9.5150	-0.259
9.5200	-0.259
9.5250	-0.259
9.5300	-0.259
9.5350	-0.259
9.5400	-0.259
9.5450	-0.259
9.5500	-0.259
9.5550	-0.258
9.5600	-0.256
9.5650	-0.254
9.5700	-0.253
9.5750	-0.251
9.5800	-0.250
9.5850	-0.248
9.5900	-0.245
9.5950	-0.243
9.6000	-0.240
9.6050	-0.237
9.6100	-0.234
9.6150	-0.231
9.6200	-0.228
9.6250	-0.225
9.6300	-0.220
9.6350	-0.217
9.6400	-0.212
9.6450	-0.209
9.6500	-0.204
9.6550	-0.199
9.6600	-0.195
9.6650	-0.190
9.6700	-0.185
9.6750	-0.181
9.6800	-0.176
9.6850	-0.170
9.6900	-0.165
9.6950	-0.159
9.7000	-0.154
9.7050	-0.148
9.7100	-0.141
9.7150	-0.137
9.7200	-0.130
9.7250	-0.124
9.7300	-0.118
9.7350	-0.112
9.7400	-0.105
9.7450	-0.097
9.7500	-0.091
9.7550	-0.085
9.7600	-0.079
9.7650	-0.071
9.7700	-0.064
9.7750	-0.058
9.7800	-0.050
9.7850	-0.044
9.7900	-0.036
9.7950	-0.030
9.8000	-0.022
9.8050	-0.016
9.8100	-0.008
9.8150	-0.002
9.8200	0.006
9.8250	0.013
9.8300	0.020
9.8350	0.027
9.8400	0.033
9.8450	0.041
9.8500	0.047
9.8550	0.055
9.8600	0.061
9.8650	0.068
9.8700	0.075
9.8750	0.082
9.8800	0.088
9.8850	0.096
9.8900	0.102
9.8950	0.108
9.9000	0.115
9.9050	0.121
9.9100	0.127
9.9150	0.134
9.9200	0.140
9.9250	0.145
9.9300	0.151
9.9350	0.157
9.9400	0.162
9.9450	0.168
9.9500	0.173
9.9550	0.178
9.9600	0.184
9.9650	0.188
9.9700	0.193
9.9750	0.198
9.9800	0.203
9.9850	0.206
9.9900	0.210
9.9950	0.215
10.0000	0.218
10.0050	0.221
10.0100	0.226
10.0150	0.229
10.0200	0.232
10.0250	0.236
10.0300	0.239
10.0350	0.240
10.0400	0.243
10.0450	0.245
10.0500	0.248
10.0550	0.250
10.0600	0.251
10.0650	0.253
10.0700	0.254
10.0750	0.256
10.0800	0.258
10.0850	0.258
10.0900	0.259
10.0950	0.259
10.1000	0.259
10.1050	0.259
10.1100	0.259
10.1150	0.259
10.1200	0.259
10.1250	0.259
10.1300	0.258
10.1350	0.258
10.1400	0.256
10.1450	0.254
10.1500	0.253
10.1550	0.251
10.1600	0.250
10.1650	0.247
10.1700	0.245
10.1750	0.242
10.1800	0.239
10.1850	0.237
10.1900	0.234
10.1950	0.231
10.2000	0.226
10.2050	0.223
10.2100	0.220
10.2150	0.215
10.2200	0.212
10.2250	0.207
10.2300	0.203
10.2350	0.199
10.2400	0.195
10.2450	0.190
10.2500	0.184
10.2550	0.179
10.2600	0.174
10.2650	0.170
10.2700	0.163
10.2750	0.159
10.2800	0.152
10.2850	0.146
10.2900	0.141
10.2950	0.135
10.3000	0.129
10.3050	0.123
10.3100	0.116
10.3150	0.110
10.3200	0.104
10.3250	0.097
10.3300	0.090
10.3350	0.083
10.3400	0.077
10.3450	0.071
10.3500	0.063
10.3550	0.057
10.3600	0.050
10.3650	0.042
10.3700	0.036
10.3750	0.028
10.3800	0.022
10.3850	0.014
10.3900	0.008
10.3950	0.000
10.4000	-0.006
10.4050	-0.014
10.4100	-0.020
10.4150	-0.027
10.4200	-0.035
10.4250	-0.041
10.4300	-0.049
10.4350	-0.055
10.4400	-0.063
10.4450	-0.069
10.4500	-0.075
10.4550	-0.082
10.4600	-0.090
10.4650	-0.096
10.4700	-0.102
10.4750	-0.108
10.4800	-0.115
10.4850	-0.121
10.4900	-0.127
10.4950	-0.134
10.5000	-0.140
10.5050	-0.145
10.5100	-0.151
10.5150	-0.157
10.5200	-0.162
10.5250	-0.168
10.5300	-0.173
10.5350	-0.178
10.5400	-0.182
10.5450	-0.188
10.5500	-0.193
10.5550	-0.196
10.5600	-0.201
10.5650	-0.206
10.5700	-0.210
10.5750	-0.214
10.5800	-0.218
10.5850	-0.221
10.5900	-0.225
10.5950	-0.228
10.6000	-0.231
10.6050	-0.234
10.6100	-0.237
10.6150	-0.240
10.6200	-0.242
10.6250	-0.245
10.6300	-0.247
10.6350	-0.248
10.6400	-0.251
10.6450	-0.251
10.6500	-0.253
10.6550	-0.254
10.6600	-0.256
10.6650	-0.256
10.6700	-0.258
10.6750	-0.258
10.6800	-0.258
10.6850	-0.258
10.6900	-0.258
10.6950	-0.258
10.7000	-0.258
10.7050	-0.258
10.7100	-0.256
10.7150	-0.256
10.7200	-0.254
10.7250	-0.253
10.7300	-0.251
10.7350	-0.250
10.7400	-0.247
10.7450	-0.245
10.7500	-0.242
10.7550	-0.240
10.7600	-0.237
10.7650	-0.234
10.7700	-0.231
10.7750	-0.228
10.7800	-0.225
10.7850	-0.221
10.7900	-0.217
10.7950	-0.214
10.8000	-0.209
10.8050	-0.206
10.8100	-0.201
10.8150	-0.196
10.8200	-0.192
10.8250	-0.187
10.8300	-0.182
10.8350	-0.178
10.8400	-0.171
10.8450	-0.167
10.8500	-0.162
10.8550	-0.156
10.8600	-0.151
10.8650	-0.145
10.8700	-0.138
10.8750	-0.132
10.8800	-0.126
10.8850	-0.119
10.8900	-0.113
10.8950	-0.107
10.9000	-0.101
10.9050	-0.094
10.9100	-0.088
10.9150	-0.082
10.9200	-0.075
10.9250	-0.068
10.9300	-0.061
10.9350	-0.055
10.9400	-0.047
10.9450	-0.041
10.9500	-0.033
10.9550	-0.027
10.9600	-0.019
10.9650	-0.013
10.9700	-0.005
10.9750	0.002
10.9800	0.008
10.9850	0.016
10.9900	0.022
10.9950	0.030
11.0000	0.036
11.0050	0.044
11.0100	0.050
11.0150	0.057
11.0200	0.064
11.0250	0.071
11.0300	0.077
11.0350	0.083
11.0400	0.091
11.0450	0.097
11.0500	0.104
11.0550	0.110
11.0600	0.116
11.0650	0.123
11.0700	0.129
11.0750	0.135
11.0800	0.141
11.0850	0.146
11.0900	0.152
11.0950	0.157
11.1000	0.163
11.1050	0.168
11.1100	0.174
11.1150	0.179
11.1200	0.184
11.1250	0.188
11.1300	0.193
11.1350	0.198
11.1400	0.203
11.1450	0.207
11.1500	0.210
11.1550	0.215
11.1600	0.218
11.1650	0.221
11.1700	0.226
11.1750	0.229
11.1800	0.232
11.1850	0.236
11.1900	0.237
11.1950	0.240
11.2000	0.243
11.2050	0.245
11.2100	0.247
11.2150	0.250
11.2200	0.251
11.2250	0.253
11.2300	0.253
11.2350	0.254
11.2400	0.256
11.2450	0.256
11.2500	0.258
11.2550	0.258
11.2600	0.258
11.2650	0.258
11.2700	0.258
11.2750	0.258
11.2800	0.258
11.2850	0.256
11.2900	0.256
11.2950	0.254
11.3000	0.253
11.3050	0.251
11.3100	0.250
11.3150	0.248
11.3200	0.247
11.3250	0.245
11.3300	0.242
11.3350	0.239
11.3400	0.237
11.3450	0.234
11.3500	0.231
11.3550	0.228
11.3600	0.225
11.3650	0.220
11.3700	0.217
11.3750	0.212
11.3800	0.209
11.3850	0.204
11.3900	0.199
11.3950	0.195
11.4000	0.192
11.4050	0.187
11.4100	0.181
11.4150	0.176
11.4200	0.171
11.4250	0.165
11.4300	0.160
11.4350	0.154
11.4400	0.149
11.4450	0.143
11.4500	0.137
11.4550	0.132
11.4600	0.126
11.4650	0.119
11.4700	0.113
11.4750	0.107
11.4800	0.101
11.4850	0.093
11.4900	0.086
11.4950	0.080
11.5000	0.074
11.5050	0.066
11.5100	0.060
11.5150	0.053
11.5200	0.046
11.5250	0.039
11.5300	0.033
11.5350	0.025
11.5400	0.019
11.5450	0.011
11.5500	0.005
11.5550	-0.003
11.5600	-0.009
11.5650	-0.016
11.5700	-0.024
11.5750	-0.030
11.5800	-0.038
11.5850	-0.044
11.5900	-0.050
11.5950	-0.058
11.6000	-0.064
11.6050	-0.071
11.6100	-0.079
11.6150	-0.085
11.6200	-0.091
11.6250	-0.097
11.6300	-0.104
11.6350	-0.110
11.6400	-0.116
11.6450	-0.123
11.6500	-0.129
11.6550	-0.135
11.6600	-0.141
11.6650	-0.146
11.6700	-0.152
11.6750	-0.159
11.6800	-0.163
11.6850	-0.168
11.6900	-0.174
11.6950	-0.179
11.7000	-0.184
11.7050	-0.188
11.7100	-0.193
11.7150	-0.198
11.7200	-0.203
11.7250	-0.206
11.7300	-0.210
11.7350	-0.214
11.7400	-0.218
11.7450	-0.221
11.7500	-0.225
11.7550	-0.228
11.7600	-0.231
11.7650	-0.234
11.7700	-0.237
11.7750	-0.239
11.7800	-0.242
11.7850	-0.243
11.7900	-0.247
11.7950	-0.248
11.8000	-0.250
11.8050	-0.251
11.8100	-0.253
11.8150	-0.253
11.8200	-0.254
11.8250	-0.254
11.8300	-0.256
11.8350	-0.256
11.8400	-0.256
11.8450	-0.256
11.8500	-0.256
11.8550	-0.256
11.8600	-0.256
11.8650	-0.254
11.8700	-0.254
11.8750	-0.253
11.8800	-0.251
11.8850	-0.250
11.8900	-0.248
11.8950	-0.247
11.9000	-0.245
11.9050	-0.242
11.9100	-0.240
11.9150	-0.237
11.9200	-0.234
11.9250	-0.231
11.9300	-0.228
11.9350	-0.225
11.9400	-0.221
11.9450	-0.218
11.9500	-0.214
11.9550	-0.210
11.9600	-0.206
11.9650	-0.203
11.9700	-0.198
11.9750	-0.193
11.9800	-0.188
11.9850	-0.184
11.9900	-0.179
11.9950	-0.174
12.0000	-0.168
12.0050	-0.163
12.0100	-0.157
12.0150	-0.152
12.0200	-0.146
12.0250	-0.141
12.0300	-0.135
12.0350	-0.129
12.0400	-0.123
12.0450	-0.116
12.0500	-0.110
12.0550	-0.104
12.0600	-0.097
12.0650	-0.091
12.0700	-0.085
12.0750	-0.079
12.0800	-0.071
12.0850	-0.064
12.0900	-0.058
12.0950	-0.050
12.1000	-0.044
12.1050	-0.038
12.1100	-0.030
12.1150	-0.024
12.1200	-0.016
12.1250	-0.009
12.1300	-0.002
12.1350	0.005
12.1400	0.011
12.1450	0.019
12.1500	0.025
12.1550	0.033
12.1600	0.039
12.1650	0.046
12.1700	0.053
12.1750	0.060
12.1800	0.066
12.1850	0.074
12.1900	0.080
12.1950	0.086
12.2000	0.093
12.2050	0.099
12.2100	0.105
12.2150	0.112
12.2200	0.118
12.2250	0.124
12.2300	0.130
12.2350	0.137
12.2400	0.143
12.2450	0.148
12.2500	0.154
12.2550	0.159
12.2600	0.165
12.2650	0.170
12.2700	0.174
12.2750	0.181
12.2800	0.185
12.2850	0.190
12.2900	0.195
12.2950	0.199
12.3000	0.203
12.3050	0.207
12.3100	0.212
12.3150	0.215
12.3200	0.218
12.3250	0.223
12.3300	0.226
12.3350	0.229
12.3400	0.232
12.3450	0.234
12.3500	0.237
12.3550	0.240
12.3600	0.242
12.3650	0.245
12.3700	0.247
12.3750	0.248
12.3800	0.250
12.3850	0.251
12.3900	0.253
12.3950	0.253
12.4000	0.254
12.4050	0.254
12.4100	0.256
12.4150	0.256
12.4200	0.256
12.4250	0.256
12.4300	0.256
12.4350	0.256
12.4400	0.256
12.4450	0.254
12.4500	0.254
12.4550	0.253
12.4600	0.251
12.4650	0.250
12.4700	0.248
12.4750	0.247
12.4800	0.243
12.4850	0.242
12.4900	0.239
12.4950	0.237
12.5000	0.234
12.5050	0.231
12.5100	0.228
12.5150	0.225
12.5200	0.221
12.5250	0.217
12.5300	0.214
12.5350	0.209
12.5400	0.206
12.5450	0.201
12.5500	0.196
12.5550	0.192
12.5600	0.187
12.5650	0.182
12.5700	0.178
12.5750	0.173
12.5800	0.168
12.5850	0.162
12.5900	0.157
12.5950	0.151
12.6000	0.145
12.6050	0.140
12.6100	0.134
12.6150	0.127
12.6200	0.121
12.6250	0.115
12.6300	0.108
12.6350	0.102
12.6400	0.096
12.6450	0.090
12.6500	0.083
12.6550	0.077
12.6600	0.071
12.6650	0.063
12.6700	0.057
12.6750	0.050
12.6800	0.042
12.6850	0.036
12.6900	0.030
12.6950	0.022
12.7000	0.016
12.7050	0.008
12.7100	0.002
12.7150	-0.006
12.7200	-0.013
12.7250	-0.019
12.7300	-0.027
12.7350	-0.033
12.7400	-0.039
12.7450	-0.047
12.7500	-0.053
12.7550	-0.061
12.7600	-0.068
12.7650	-0.074
12.7700	-0.080
12.7750	-0.086
12.7800	-0.094
12.7850	-0.101
12.7900	-0.107
12.7950	-0.113
12.8000	-0.119
12.8050	-0.126
12.8100	-0.130
12.8150	-0.137
12.8200	-0.143
12.8250	-0.148
12.8300	-0.154
12.8350	-0.159
12.8400	-0.165
12.8450	-0.170
12.8500	-0.174
12.8550	-0.181
12.8600	-0.185
12.8650	-0.190
12.8700	-0.195
12.8750	-0.198
12.8800	-0.203
12.8850	-0.207
12.8900	-0.210
12.8950	-0.215
12.9000	-0.218
12.9050	-0.221
12.9100	-0.225
12.9150	-0.228
12.9200	-0.231
12.9250	-0.234
12.9300	-0.237
12.9350	-0.239
12.9400	-0.242
12.9450	-0.243
12.9500	-0.245
12.9550	-0.247
12.9600	-0.248
12.9650	-0.250
12.9700	-0.251
12.9750	-0.253
12.9800	-0.253
12.9850	-0.254
12.9900	-0.254
12.9950	-0.254
13.0000	-0.254
13.0050	-0.254
13.0100	-0.254
13.0150	-0.254
13.0200	-0.254
13.0250	-0.253
13.0300	-0.251
13.0350	-0.251
13.0400	-0.250
13.0450	-0.248
13.0500	-0.247
13.0550	-0.243
13.0600	-0.242
13.0650	-0.240
13.0700	-0.237
13.0750	-0.234
13.0800	-0.231
13.0850	-0.229
13.0900	-0.226
13.0950	-0.221
13.1000	-0.218
13.1050	-0.215
13.1100	-0.210
13.1150	-0.207
13.1200	-0.203
13.1250	-0.199
13.1300	-0.195
13.1350	-0.190
13.1400	-0.185
13.1450	-0.181
13.1500	-0.176
13.1550	-0.170
13.1600	-0.165
13.1650	-0.160
13.1700	-0.154
13.1750	-0.149
13.1800	-0.143
13.1850	-0.137
13.1900	-0.132
13.1950	-0.126
13.2000	-0.119
13.2050	-0.113
13.2100	-0.107
13.2150	-0.101
13.2200	-0.094
13.2250	-0.088
13.2300	-0.080
13.2350	-0.074
13.2400	-0.068
13.2450	-0.061
13.2500	-0.053
13.2550	-0.047
13.2600	-0.041
13.2650	-0.033
13.2700	-0.027
13.2750	-0.020
13.2800	-0.013
13.2850	-0.006
13.2900	0.002
13.2950	0.008
13.3000	0.014
13.3050	0.022
13.3100	0.028
13.3150	0.036
13.3200	0.042
13.3250	0.049
13.3300	0.055
13.3350	0.063
13.3400	0.069
13.3450	0.075
13.3500	0.082
13.3550	0.090
13.3600	0.096
13.3650	0.102
13.3700	0.108
13.3750	0.115
13.3800	0.121
13.3850	0.127
13.3900	0.132
13.3950	0.138
13.4000	0.145
13.4050	0.149
13.4100	0.156
13.4150	0.160
13.4200	0.167
13.4250	0.171
13.4300	0.176
13.4350	0.181
13.4400	0.185
13.4450	0.190
13.4500	0.195
13.4550	0.199
13.4600	0.204
13.4650	0.207
13.4700	0.212
13.4750	0.215
13.4800	0.218
13.4850	0.223
13.4900	0.226
13.4950	0.229
13.5000	0.232
13.5050	0.234
13.5100	0.237
13.5150	0.239
13.5200	0.242
13.5250	0.243
13.5300	0.245
13.5350	0.247
13.5400	0.248
13.5450	0.250
13.5500	0.251
13.5550	0.253
13.5600	0.253
13.5650	0.253
13.5700	0.254
13.5750	0.254
13.5800	0.254
13.5850	0.254
13.5900	0.254
13.5950	0.254
13.6000	0.253
13.6050	0.253
13.6100	0.251
13.6150	0.250
13.6200	0.248
13.6250	0.247
13.6300	0.245
13.6350	0.243
13.6400	0.242
13.6450	0.239
13.6500	0.237
13.6550	0.234
13.6600	0.231
13.6650	0.228
13.6700	0.225
13.6750	0.221
13.6800	0.218
13.6850	0.214
13.6900	0.210
13.6950	0.206
13.7000	0.203
13.7050	0.198
13.7100	0.193
13.7150	0.188
13.7200	0.184
13.7250	0.179
13.7300	0.174
13.7350	0.170
13.7400	0.163
13.7450	0.159
13.7500	0.152
13.7550	0.148
13.7600	0.141
13.7650	0.137
13.7700	0.130
13.7750	0.124
13.7800	0.118
13.7850	0.112
13.7900	0.105
13.7950	0.099
13.8000	0.093
13.8050	0.086
13.8100	0.080
13.8150	0.072
13.8200	0.066
13.8250	0.060
13.8300	0.053
13.8350	0.046
13.8400	0.039
13.8450	0.033
13.8500	0.025
13.8550	0.019
13.8600	0.013
13.8650	0.005
13.8700	-0.002
13.8750	-0.009
13.8800	-0.016
13.8850	-0.022
13.8900	-0.030
13.8950	-0.036
13.9000	-0.042
13.9050	-0.050
13.9100	-0.057
13.9150	-0.063
13.9200	-0.071
13.9250	-0.077
13.9300	-0.083
13.9350	-0.090
13.9400	-0.096
13.9450	-0.102
13.9500	-0.108
13.9550	-0.115
13.9600	-0.121
13.9650	-0.127
13.9700	-0.134
13.9750	-0.138
13.9800	-0.145
13.9850	-0.151
13.9900	-0.156
13.9950	-0.160
14.0000	-0.167
14.0050	-0.171
14.0100	-0.176
14.0150	-0.181
14.0200	-0.185
14.0250	-0.190
14.0300	-0.195
14.0350	-0.199
14.0400	-0.203
14.0450	-0.207
14.0500	-0.210
14.0550	-0.215
14.0600	-0.218
14.0650	-0.221
14.0700	-0.225
14.0750	-0.228
14.0800	-0.231
14.0850	-0.234
14.0900	-0.236
14.0950	-0.239
14.1000	-0.240
14.1050	-0.243
14.1100	-0.245
14.1150	-0.247
14.1200	-0.248
14.1250	-0.250
14.1300	-0.250
14.1350	-0.251
14.1400	-0.251
14.1450	-0.253
14.1500	-0.253
14.1550	-0.253
14.1600	-0.253
14.1650	-0.253
14.1700	-0.253
14.1750	-0.253
14.1800	-0.251
14.1850	-0.251
14.1900	-0.250
14.1950	-0.248
14.2000	-0.247
14.2050	-0.245
14.2100	-0.243
14.2150	-0.242
14.2200	-0.239
14.2250	-0.237
14.2300	-0.234
14.2350	-0.231
14.2400	-0.229
14.2450	-0.226
14.2500	-0.223
14.2550	-0.218
14.2600	-0.215
14.2650	-0.212
14.2700	-0.207
14.2750	-0.204
14.2800	-0.199
14.2850	-0.195
14.2900	-0.190
14.2950	-0.187
14.3000	-0.182
14.3050	-0.178
14.3100	-0.171
14.3150	-0.167
14.3200	-0.162
14.3250	-0.156
14.3300	-0.151
14.3350	-0.145
14.3400	-0.140
14.3450	-0.134
14.3500	-0.127
14.3550	-0.121
14.3600	-0.115
14.3650	-0.110
14.3700	-0.104
14.3750	-0.096
14.3800	-0.090
14.3850	-0.083
14.3900	-0.077
14.3950	-0.071
14.4000	-0.064
14.4050	-0.057
14.4100	-0.050
14.4150	-0.044
14.4200	-0.036
14.4250	-0.030
14.4300	-0.024
14.4350	-0.016
14.4400	-0.009
14.4450	-0.003
14.4500	0.005
14.4550	0.011
14.4600	0.017
14.4650	0.025
14.4700	0.031
14.4750	0.038
14.4800	0.046
14.4850	0.052
14.4900	0.058
14.4950	0.066
14.5000	0.072
14.5050	0.079
14.5100	0.085
14.5150	0.091
14.5200	0.097
14.5250	0.104
14.5300	0.110
14.5350	0.116
14.5400	0.123
14.5450	0.129
14.5500	0.135
14.5550	0.140
14.5600	0.146
14.5650	0.151
14.5700	0.157
14.5750	0.162
14.5800	0.168
14.5850	0.173
14.5900	0.178
14.5950	0.182
14.6000	0.187
14.6050	0.192
14.6100	0.196
14.6150	0.199
14.6200	0.204
14.6250	0.209
14.6300	0.212
14.6350	0.215
14.6400	0.220
14.6450	0.223
14.6500	0.226
14.6550	0.229
14.6600	0.231
14.6650	0.234
14.6700	0.237
14.6750	0.239
14.6800	0.240
14.6850	0.243
14.6900	0.245
14.6950	0.247
14.7000	0.248
14.7050	0.250
14.7100	0.250
14.7150	0.251
14.7200	0.251
14.7250	0.253
14.7300	0.253
14.7350	0.253
14.7400	0.253
14.7450	0.253
14.7500	0.253
14.7550	0.253
14.7600	0.251
14.7650	0.251
14.7700	0.250
14.7750	0.248
14.7800	0.247
14.7850	0.245
14.7900	0.243
14.7950	0.240
14.8000	0.239
14.8050	0.236
14.8100	0.234
14.8150	0.231
14.8200	0.228
14.8250	0.225
14.8300	0.221
14.8350	0.218
14.8400	0.215
14.8450	0.210
14.8500	0.207
14.8550	0.203
14.8600	0.199
14.8650	0.195
14.8700	0.190
14.8750	0.185
14.8800	0.181
14.8850	0.176
14.8900	0.171
14.8950	0.165
14.9000	0.160
14.9050	0.156
14.9100	0.149
14.9150	0.145
14.9200	0.138
14.9250	0.132
14.9300	0.126
14.9350	0.121
14.9400	0.115
14.9450	0.108
14.9500	0.102
14.9550	0.096
14.9600	0.090
14.9650	0.082
14.9700	0.075
14.9750	0.069
14.9800	0.063
14.9850	0.057
14.9900	0.049
14.9950	0.042
15.0000	0.036
15.0050	0.028
15.0100	0.022
15.0150	0.016
15.0200	0.008
15.0250	0.002
15.0300	-0.005
15.0350	-0.013
15.0400	-0.019
15.0450	-0.025
15.0500	-0.033
15.0550	-0.039
15.0600	-0.046
15.0650	-0.053
15.0700	-0.060
15.0750	-0.066
15.0800	-0.072
15.0850	-0.079
15.0900	-0.086
15.0950	-0.093
15.1000	-0.099
15.1050	-0.105
15.1100	-0.112
15.1150	-0.116
15.1200	-0.123
15.1250	-0.129
15.1300	-0.135
15.1350	-0.140
15.1400	-0.146
15.1450	-0.152
15.1500	-0.157
15.1550	-0.162
15.1600	-0.168
15.1650	-0.173
15.1700	-0.178
15.1750	-0.182
15.1800	-0.187
15.1850	-0.192
15.1900	-0.196
15.1950	-0.199
15.2000	-0.204
15.2050	-0.207
15.2100	-0.212
15.2150	-0.215
15.2200	-0.218
15.2250	-0.221
15.2300	-0.225
15.2350	-0.228
15.2400	-0.231
15.2450	-0.234
15.2500	-0.236
15.2550	-0.239
15.2600	-0.240
15.2650	-0.242
15.2700	-0.243
15.2750	-0.245
15.2800	-0.247
15.2850	-0.248
15.2900	-0.248
15.2950	-0.250
15.3000	-0.250
15.3050	-0.251
15.3100	-0.251
15.3150	-0.251
15.3200	-0.251
15.3250	-0.251
15.3300	-0.251
15.3350	-0.251
15.3400	-0.250
15.3450	-0.248
15.3500	-0.248
15.3550	-0.247
15.3600	-0.245
15.3650	-0.243
15.3700	-0.240
15.3750	-0.239
15.3800	-0.237
15.3850	-0.234
15.3900	-0.231
15.3950	-0.229
15.4000	-0.226
15.4050	-0.223
15.4100	-0.220
15.4150	-0.215
15.4200	-0.212
15.4250	-0.209
15.4300	-0.204
15.4350	-0.201
15.4400	-0.196
15.4450	-0.192
15.4500	-0.187
15.4550	-0.182
15.4600	-0.178
15.4650	-0.173
15.4700	-0.168
15.4750	-0.163
15.4800	-0.157
15.4850	-0.152
15.4900	-0.146
15.4950	-0.141
15.5000	-0.135
15.5050	-0.130
15.5100	-0.124
15.5150	-0.118
15.5200	-0.112
15.5250	-0.105
15.5300	-0.099
15.5350	-0.093
15.5400	-0.086
15.5450	-0.080
15.5500	-0.074
15.5550	-0.068
15.5600	-0.060
15.5650	-0.053
15.5700	-0.047
15.5750	-0.041
15.5800	-0.033
15.5850	-0.027
15.5900	-0.020
15.5950	-0.013
15.6000	-0.006
15.6050	0.000
15.6100	0.008
15.6150	0.014
15.6200	0.020
15.6250	0.028
15.6300	0.035
15.6350	0.041
15.6400	0.049
15.6450	0.055
15.6500	0.061
15.6550	0.068
15.6600	0.074
15.6650	0.082
15.6700	0.088
15.6750	0.094
15.6800	0.101
15.6850	0.107
15.6900	0.113
15.6950	0.119
15.7000	0.124
15.7050	0.130
15.7100	0.137
15.7150	0.141
15.7200	0.148
15.7250	0.152
15.7300	0.159
15.7350	0.163
15.7400	0.168
15.7450	0.174
15.7500	0.179
15.7550	0.184
15.7600	0.188
15.7650	0.193
15.7700	0.196
15.7750	0.201
15.7800	0.204
15.7850	0.209
15.7900	0.212
15.7950	0.215
15.8000	0.220
15.8050	0.223
15.8100	0.226
15.8150	0.229
15.8200	0.231
15.8250	0.234
15.8300	0.236
15.8350	0.239
15.8400	0.240
15.8450	0.242
15.8500	0.243
15.8550	0.245
15.8600	0.247
15.8650	0.248
15.8700	0.250
15.8750	0.250
15.8800	0.250
15.8850	0.251
15.8900	0.251
15.8950	0.251
15.9000	0.251
15.9050	0.251
15.9100	0.251
15.9150	0.250
15.9200	0.250
15.9250	0.248
15.9300	0.247
15.9350	0.245
15.9400	0.243
15.9450	0.242
15.9500	0.240
15.9550	0.239
15.9600	0.236
15.9650	0.234
15.9700	0.231
15.9750	0.228
15.9800	0.225
15.9850	0.221
15.9900	0.218
15.9950	0.215
16.0000	0.212
16.0050	0.207
16.0100	0.204
16.0150	0.199
16.0200	0.195
16.0250	0.192
16.0300	0.187
16.0350	0.182
16.0400	0.178
16.0450	0.173
16.0500	0.167
16.0550	0.162
16.0600	0.157
16.0650	0.151
16.0700	0.146
16.0750	0.140
16.0800	0.134
16.0850	0.129
16.0900	0.123
16.0950	0.116
16.1000	0.110
16.1050	0.104
16.1100	0.097
16.1150	0.091
16.1200	0.085
16.1250	0.079
16.1300	0.072
16.1350	0.066
16.1400	0.060
16.1450	0.052
16.1500	0.046
16.1550	0.039
16.1600	0.033
16.1650	0.025
16.1700	0.019
16.1750	0.013
16.1800	0.005
16.1850	-0.002
16.1900	-0.008
16.1950	-0.016
16.2000	-0.022
16.2050	-0.028
16.2100	-0.036
16.2150	-0.042
16.2200	-0.049
16.2250	-0.055
16.2300	-0.063
16.2350	-0.069
16.2400	-0.075
16.2450	-0.082
16.2500	-0.088
16.2550	-0.094
16.2600	-0.101
16.2650	-0.107
16.2700	-0.113
16.2750	-0.119
16.2800	-0.126
16.2850	-0.130
16.2900	-0.137
16.2950	-0.143
16.3000	-0.148
16.3050	-0.154
16.3100	-0.159
16.3150	-0.163
16.3200	-0.170
16.3250	-0.174
16.3300	-0.179
16.3350	-0.184
16.3400	-0.188
16.3450	-0.192
16.3500	-0.196
16.3550	-0.201
16.3600	-0.204
16.3650	-0.209
16.3700	-0.212
16.3750	-0.215
16.3800	-0.218
16.3850	-0.221
16.3900	-0.225
16.3950	-0.228
16.4000	-0.231
16.4050	-0.232
16.4100	-0.236
16.4150	-0.237
16.4200	-0.239
16.4250	-0.242
16.4300	-0.243
16.4350	-0.245
16.4400	-0.245
16.4450	-0.247
16.4500	-0.248
16.4550	-0.248
16.4600	-0.250
16.4650	-0.250
16.4700	-0.250
16.4750	-0.250
16.4800	-0.250
16.4850	-0.250
16.4900	-0.250
16.4950	-0.248
16.5000	-0.248
16.5050	-0.247
16.5100	-0.245
16.5150	-0.243
16.5200	-0.242
16.5250	-0.240
16.5300	-0.239
16.5350	-0.236
16.5400	-0.234
16.5450	-0.231
16.5500	-0.229
16.5550	-0.226
16.5600	-0.223
16.5650	-0.220
16.5700	-0.217
16.5750	-0.212
16.5800	-0.209
16.5850	-0.206
16.5900	-0.201
16.5950	-0.198
16.6000	-0.193
16.6050	-0.188
16.6100	-0.184
16.6150	-0.179
16.6200	-0.174
16.6250	-0.170
16.6300	-0.165
16.6350	-0.159
16.6400	-0.154
16.6450	-0.149
16.6500	-0.143
16.6550	-0.138
16.6600	-0.132
16.6650	-0.126
16.6700	-0.121
16.6750	-0.115
16.6800	-0.108
16.6850	-0.102
16.6900	-0.096
16.6950	-0.090
16.7000	-0.083
16.7050	-0.077
16.7100	-0.071
16.7150	-0.063
16.7200	-0.057
16.7250	-0.050
16.7300	-0.044
16.7350	-0.036
16.7400	-0.030
16.7450	-0.024
16.7500	-0.016
16.7550	-0.009
16.7600	-0.003
16.7650	0.005
16.7700	0.011
16.7750	0.017
16.7800	0.024
16.7850	0.031
16.7900	0.038
16.7950	0.044
16.8000	0.050
16.8050	0.058
16.8100	0.064
16.8150	0.071
16.8200	0.077
16.8250	0.083
16.8300	0.090
16.8350	0.096
16.8400	0.102
16.8450	0.108
16.8500	0.115
16.8550	0.121
16.8600	0.127
16.8650	0.132
16.8700	0.138
16.8750	0.145
16.8800	0.149
16.8850	0.156
16.8900	0.160
16.8950	0.165
16.9000	0.170
16.9050	0.174
16.9100	0.179
16.9150	0.184
16.9200	0.188
16.9250	0.193
16.9300	0.198
16.9350	0.201
16.9400	0.206
16.9450	0.209
16.9500	0.214
16.9550	0.217
16.9600	0.220
16.9650	0.223
16.9700	0.226
16.9750	0.228
16.9800	0.231
16.9850	0.234
16.9900	0.236
16.9950	0.237
17.0000	0.240
17.0050	0.242
17.0100	0.243
17.0150	0.245
17.0200	0.247
17.0250	0.247
17.0300	0.248
17.0350	0.248
17.0400	0.250
17.0450	0.250
17.0500	0.250
17.0550	0.250
17.0600	0.250
17.0650	0.250
17.0700	0.250
17.0750	0.248
17.0800	0.248
17.0850	0.247
17.0900	0.245
17.0950	0.243
17.1000	0.242
17.1050	0.240
17.1100	0.237
17.1150	0.236
17.1200	0.234
17.1250	0.231
17.1300	0.228
17.1350	0.225
17.1400	0.221
17.1450	0.218
17.1500	0.215
17.1550	0.212
17.1600	0.209
17.1650	0.204
17.1700	0.201
17.1750	0.196
17.1800	0.192
17.1850	0.188
17.1900	0.184
17.1950	0.179
17.2000	0.174
17.2050	0.168
17.2100	0.163
17.2150	0.159
17.2200	0.152
17.2250	0.148
17.2300	0.141
17.2350	0.137
17.2400	0.130
17.2450	0.124
17.2500	0.119
17.2550	0.113
17.2600	0.107
17.2650	0.101
17.2700	0.094
17.2750	0.088
17.2800	0.082
17.2850	0.075
17.2900	0.069
17.2950	0.063
17.3000	0.055
17.3050	0.049
17.3100	0.042
17.3150	0.036
17.3200	0.028
17.3250	0.022
17.3300	0.016
17.3350	0.008
17.3400	0.002
17.3450	-0.005
17.3500	-0.011
17.3550	-0.019
17.3600	-0.025
17.3650	-0.031
17.3700	-0.039
17.3750	-0.046
17.3800	-0.052
17.3850	-0.058
17.3900	-0.064
17.3950	-0.072
17.4000	-0.079
17.4050	-0.085
17.4100	-0.091
17.4150	-0.097
17.4200	-0.104
17.4250	-0.110
17.4300	-0.115
17.4350	-0.121
17.4400	-0.127
17.4450	-0.134
17.4500	-0.138
17.4550	-0.145
17.4600	-0.149
17.4650	-0.156
17.4700	-0.160
17.4750	-0.165
17.4800	-0.170
17.4850	-0.174
17.4900	-0.179
17.4950	-0.184
17.5000	-0.188
17.5050	-0.193
17.5100	-0.198
17.5150	-0.201
17.5200	-0.206
17.5250	-0.209
17.5300	-0.212
17.5350	-0.215
17.5400	-0.220
17.5450	-0.221
17.5500	-0.225
17.5550	-0.228
17.5600	-0.231
17.5650	-0.232
17.5700	-0.236
17.5750	-0.237
17.5800	-0.239
17.5850	-0.240
17.5900	-0.242
17.5950	-0.243
17.6000	-0.245
17.6050	-0.245
17.6100	-0.247
17.6150	-0.247
17.6200	-0.248
17.6250	-0.248
17.6300	-0.248
17.6350	-0.248
17.6400	-0.248
17.6450	-0.248
17.6500	-0.248
17.6550	-0.247
17.6600	-0.245
17.6650	-0.245
17.6700	-0.243
17.6750	-0.242
17.6800	-0.240
17.6850	-0.239
17.6900	-0.236
17.6950	-0.234
17.7000	-0.231
17.7050	-0.229
17.7100	-0.226
17.7150	-0.223
17.7200	-0.220
17.7250	-0.217
17.7300	-0.214
17.7350	-0.209
17.7400	-0.206
17.7450	-0.203
17.7500	-0.198
17.7550	-0.193
17.7600	-0.190
17.7650	-0.185
17.7700	-0.181
17.7750	-0.176
17.7800	-0.171
17.7850	-0.167
17.7900	-0.162
17.7950	-0.156
17.8000	-0.151
17.8050	-0.145
17.8100	-0.140
17.8150	-0.134
17.8200	-0.129
17.8250	-0.123
17.8300	-0.116
17.8350	-0.110
17.8400	-0.104
17.8450	-0.099
17.8500	-0.093
17.8550	-0.085
17.8600	-0.079
17.8650	-0.072
17.8700	-0.066
17.8750	-0.060
17.8800	-0.053
17.8850	-0.047
17.8900	-0.039
17.8950	-0.033
17.9000	-0.027
17.9050	-0.020
17.9100	-0.013
17.9150	-0.006
17.9200	0.000
17.9250	0.008
17.9300	0.014
17.9350	0.020
17.9400	0.027
17.9450	0.035
17.9500	0.041
17.9550	0.047
17.9600	0.053
17.9650	0.061
17.9700	0.068
17.9750	0.074
17.9800	0.080
17.9850	0.086
17.9900	0.093
17.9950	0.099
18.0000	0.105
18.0050	0.112
18.0100	0.118
18.0150	0.123
18.0200	0.129
18.0250	0.135
18.0300	0.140
18.0350	0.146
18.0400	0.151
18.0450	0.157
18.0500	0.162
18.0550	0.167
18.0600	0.171
18.0650	0.176
18.0700	0.181
18.0750	0.185
18.0800	0.190
18.0850	0.195
18.0900	0.198
18.0950	0.203
18.1000	0.206
18.1050	0.210
18.1100	0.214
18.1150	0.217
18.1200	0.220
18.1250	0.223
18.1300	0.226
18.1350	0.228
18.1400	0.231
18.1450	0.234
18.1500	0.236
18.1550	0.237
18.1600	0.239
18.1650	0.240
18.1700	0.242
18.1750	0.243
18.1800	0.245
18.1850	0.247
18.1900	0.247
18.1950	0.247
18.2000	0.248
18.2050	0.248
18.2100	0.248
18.2150	0.248
18.2200	0.248
18.2250	0.248
18.2300	0.247
18.2350	0.247
18.2400	0.245
18.2450	0.243
18.2500	0.243
18.2550	0.242
18.2600	0.239
18.2650	0.237
18.2700	0.236
18.2750	0.232
18.2800	0.231
18.2850	0.228
18.2900	0.225
18.2950	0.223
18.3000	0.220
18.3050	0.217
18.3100	0.212
18.3150	0.209
18.3200	0.206
18.3250	0.201
18.3300	0.198
18.3350	0.193
18.3400	0.188
18.3450	0.184
18.3500	0.179
18.3550	0.174
18.3600	0.170
18.3650	0.165
18.3700	0.160
18.3750	0.156
18.3800	0.149
18.3850	0.145
18.3900	0.138
18.3950	0.132
18.4000	0.127
18.4050	0.121
18.4100	0.115
18.4150	0.110
18.4200	0.104
18.4250	0.097
18.4300	0.091
18.4350	0.085
18.4400	0.079
18.4450	0.072
18.4500	0.064
18.4550	0.058
18.4600	0.052
18.4650	0.046
18.4700	0.039
18.4750	0.031
18.4800	0.025
18.4850	0.019
18.4900	0.013
18.4950	0.005
18.5000	-0.002
18.5050	-0.008
18.5100	-0.014
18.5150	-0.022
18.5200	-0.028
18.5250	-0.035
18.5300	-0.041
18.5350	-0.049
18.5400	-0.055
18.5450	-0.061
18.5500	-0.068
18.5550	-0.074
18.5600	-0.080
18.5650	-0.086
18.5700	-0.093
18.5750	-0.099
18.5800	-0.105
18.5850	-0.112
18.5900	-0.118
18.5950	-0.124
18.6000	-0.129
18.6050	-0.135
18.6100	-0.140
18.6150	-0.146
18.6200	-0.151
18.6250	-0.157
18.6300	-0.162
18.6350	-0.167
18.6400	-0.171
18.6450	-0.176
18.6500	-0.181
18.6550	-0.185
18.6600	-0.190
18.6650	-0.195
18.6700	-0.198
18.6750	-0.203
18.6800	-0.206
18.6850	-0.209
18.6900	-0.214
18.6950	-0.217
18.7000	-0.220
18.7050	-0.223
18.7100	-0.225
18.7150	-0.228
18.7200	-0.231
18.7250	-0.232
18.7300	-0.234
18.7350	-0.237
18.7400	-0.239
18.7450	-0.240
18.7500	-0.242
18.7550	-0.243
18.7600	-0.243
18.7650	-0.245
18.7700	-0.245
18.7750	-0.247
18.7800	-0.247
18.7850	-0.247
18.7900	-0.247
18.7950	-0.247
18.8000	-0.247
18.8050	-0.247
18.8100	-0.245
18.8150	-0.245
18.8200	-0.243
18.8250	-0.242
18.8300	-0.240
18.8350	-0.239
18.8400	-0.237
18.8450	-0.236
18.8500	-0.234
18.8550	-0.231
18.8600	-0.229
18.8650	-0.226
18.8700	-0.223
18.8750	-0.220
18.8800	-0.217
18.8850	-0.214
18.8900	-0.210
18.8950	-0.207
18.9000	-0.203
18.9050	-0.199
18.9100	-0.195
18.9150	-0.190
18.9200	-0.187
18.9250	-0.182
18.9300	-0.178
18.9350	-0.173
18.9400	-0.168
18.9450	-0.163
18.9500	-0.157
18.9550	-0.152
18.9600	-0.146
18.9650	-0.141
18.9700	-0.137
18.9750	-0.130
18.9800	-0.124
18.9850	-0.119
18.9900	-0.113
18.9950	-0.107
19.0000	-0.101
19.0050	-0.094
19.0100	-0.088
19.0150	-0.082
19.0200	-0.075
19.0250	-0.069
19.0300	-0.063
19.0350	-0.057
19.0400	-0.049
19.0450	-0.042
19.0500	-0.036
19.0550	-0.030
19.0600	-0.024
19.0650	-0.016
19.0700	-0.009
19.0750	-0.003
19.0800	0.005
19.0850	0.011
19.0900	0.017
19.0950	0.024
19.1000	0.031
19.1050	0.038
19.1100	0.044
19.1150	0.050
19.1200	0.057
19.1250	0.063
19.1300	0.071
19.1350	0.077
19.1400	0.083
19.1450	0.090
19.1500	0.096
19.1550	0.102
19.1600	0.107
19.1650	0.113
19.1700	0.119
19.1750	0.126
19.1800	0.130
19.1850	0.137
19.1900	0.143
19.1950	0.148
19.2000	0.152
19.2050	0.159
19.2100	0.163
19.2150	0.168
19.2200	0.173
19.2250	0.178
19.2300	0.182
19.2350	0.187
19.2400	0.190
19.2450	0.195
19.2500	0.199
19.2550	0.203
19.2600	0.207
19.2650	0.210
19.2700	0.214
19.2750	0.217
19.2800	0.220
19.2850	0.223
19.2900	0.226
19.2950	0.228
19.3000	0.231
19.3050	0.232
19.3100	0.236
19.3150	0.237
19.3200	0.239
19.3250	0.240
19.3300	0.242
19.3350	0.243
19.3400	0.243
19.3450	0.245
19.3500	0.245
19.3550	0.247
19.3600	0.247
19.3650	0.247
19.3700	0.247
19.3750	0.247
19.3800	0.247
19.3850	0.247
19.3900	0.245
19.3950	0.245
19.4000	0.243
19.4050	0.242
19.4100	0.240
19.4150	0.239
19.4200	0.237
19.4250	0.236
19.4300	0.232
19.4350	0.231
19.4400	0.228
19.4450	0.225
19.4500	0.223
19.4550	0.220
19.4600	0.217
19.4650	0.214
19.4700	0.209
19.4750	0.206
19.4800	0.201
19.4850	0.198
19.4900	0.193
19.4950	0.190
19.5000	0.185
19.5050	0.181
19.5100	0.176
19.5150	0.171
19.5200	0.167
19.5250	0.162
19.5300	0.156
19.5350	0.151
19.5400	0.146
19.5450	0.140
19.5500	0.135
19.5550	0.129
19.5600	0.123
19.5650	0.118
19.5700	0.112
19.5750	0.105
19.5800	0.099
19.5850	0.093
19.5900	0.086
19.5950	0.080
19.6000	0.074
19.6050	0.068
19.6100	0.061
19.6150	0.055
19.6200	0.049
19.6250	0.041
19.6300	0.035
19.6350	0.028
19.6400	0.022
19.6450	0.016
19.6500	0.008
19.6550	0.002
19.6600	-0.005
19.6650	-0.011
19.6700	-0.019
19.6750	-0.025
19.6800	-0.031
19.6850	-0.038
19.6900	-0.044
19.6950	-0.052
19.7000	-0.058
19.7050	-0.064
19.7100	-0.071
19.7150	-0.077
19.7200	-0.083
19.7250	-0.090
19.7300	-0.096
19.7350	-0.102
19.7400	-0.108
19.7450	-0.115
19.7500	-0.119
19.7550	-0.126
19.7600	-0.132
19.7650	-0.137
19.7700	-0.143
19.7750	-0.148
19.7800	-0.152
19.7850	-0.159
19.7900	-0.163
19.7950	-0.168
19.8000	-0.173
19.8050	-0.178
19.8100	-0.182
19.8150	-0.187
19.8200	-0.190
19.8250	-0.195
19.8300	-0.199
19.8350	-0.203
19.8400	-0.206
19.8450	-0.210
19.8500	-0.214
19.8550	-0.217
19.8600	-0.220
19.8650	-0.221
19.8700	-0.225
19.8750	-0.228
19.8800	-0.229
19.8850	-0.232
19.8900	-0.234
19.8950	-0.236
19.9000	-0.237
19.9050	-0.239
19.9100	-0.240
19.9150	-0.242
19.9200	-0.243
19.9250	-0.243
19.9300	-0.243
19.9350	-0.245
19.9400	-0.245
19.9450	-0.245
19.9500	-0.245
19.9550	-0.245
19.9600	-0.245
19.9650	-0.245
19.9700	-0.243
19.9750	-0.242
19.9800	-0.242
19.9850	-0.240
19.9900	-0.239
19.9950	-0.237
20.0000	-0.236
20.0050	-0.232
20.0100	-0.231
20.0150	-0.228
20.0200	-0.226
20.0250	-0.223
20.0300	-0.220
20.0350	-0.217
20.0400	-0.214
20.0450	-0.210
20.0500	-0.207
20.0550	-0.203
20.0600	-0.199
20.0650	-0.195
20.0700	-0.192
20.0750	-0.187
20.0800	-0.182
20.0850	-0.178
20.0900	-0.174
20.0950	-0.168
20.1000	-0.163
20.1050	-0.159
20.1100	-0.154
20.1150	-0.149
20.1200	-0.143
20.1250	-0.138
20.1300	-0.132
20.1350	-0.126
20.1400	-0.121
20.1450	-0.115
20.1500	-0.108
20.1550	-0.102
20.1600	-0.097
20.1650	-0.091
20.1700	-0.085
20.1750	-0.079
20.1800	-0.072
20.1850	-0.064
20.1900	-0.058
20.1950	-0.052
20.2000	-0.046
20.2050	-0.039
20.2100	-0.033
20.2150	-0.025
20.2200	-0.019
20.2250	-0.013
20.2300	-0.006
20.2350	0.000
20.2400	0.008
20.2450	0.014
20.2500	0.020
20.2550	0.027
20.2600	0.035
20.2650	0.041
20.2700	0.047
20.2750	0.053
20.2800	0.060
20.2850	0.066
20.2900	0.072
20.2950	0.079
20.3000	0.085
20.3050	0.091
20.3100	0.097
20.3150	0.104
20.3200	0.110
20.3250	0.116
20.3300	0.121
20.3350	0.127
20.3400	0.134
20.3450	0.138
20.3500	0.145
20.3550	0.149
20.3600	0.154
20.3650	0.160
20.3700	0.165
20.3750	0.170
20.3800	0.174
20.3850	0.179
20.3900	0.184
20.3950	0.187
20.4000	0.192
20.4050	0.196
20.4100	0.199
20.4150	0.204
20.4200	0.207
20.4250	0.210
20.4300	0.214
20.4350	0.217
20.4400	0.220
20.4450	0.223
20.4500	0.226
20.4550	0.228
20.4600	0.231
20.4650	0.232
20.4700	0.234
20.4750	0.236
20.4800	0.237
20.4850	0.239
20.4900	0.240
20.4950	0.242
20.5000	0.243
20.5050	0.243
20.5100	0.243
20.5150	0.245
20.5200	0.245
20.5250	0.245
20.5300	0.245
20.5350	0.245
20.5400	0.245
20.5450	0.243
20.5500	0.243
20.5550	0.242
20.5600	0.240
20.5650	0.239
20.5700	0.239
20.5750	0.236
20.5800	0.234
20.5850	0.232
20.5900	0.229
20.5950	0.228
20.6000	0.225
20.6050	0.223
20.6100	0.220
20.6150	0.217
20.6200	0.214
20.6250	0.209
20.6300	0.206
20.6350	0.203
20.6400	0.198
20.6450	0.195
20.6500	0.190
20.6550	0.187
20.6600	0.182
20.6650	0.178
20.6700	0.173
20.6750	0.168
20.6800	0.163
20.6850	0.157
20.6900	0.152
20.6950	0.148
20.7000	0.141
20.7050	0.137
20.7100	0.130
20.7150	0.126
20.7200	0.119
20.7250	0.113
20.7300	0.107
20.7350	0.102
20.7400	0.096
20.7450	0.090
20.7500	0.083
20.7550	0.077
20.7600	0.071
20.7650	0.064
20.7700	0.058
20.7750	0.050
20.7800	0.044
20.7850	0.038
20.7900	0.031
20.7950	0.025
20.8000	0.019
20.8050	0.011
20.8100	0.005
20.8150	-0.002
20.8200	-0.008
20.8250	-0.014
20.8300	-0.022
20.8350	-0.028
20.8400	-0.035
20.8450	-0.041
20.8500	-0.047
20.8550	-0.055
20.8600	-0.061
20.8650	-0.068
20.8700	-0.074
20.8750	-0.080
20.8800	-0.086
20.8850	-0.093
20.8900	-0.099
20.8950	-0.105
20.9000	-0.110
20.9050	-0.116
20.9100	-0.123
20.9150	-0.127
20.9200	-0.134
20.9250	-0.138
20.9300	-0.145
20.9350	-0.149
20.9400	-0.156
20.9450	-0.160
20.9500	-0.165
20.9550	-0.170
20.9600	-0.174
20.9650	-0.179
20.9700	-0.184
20.9750	-0.187
20.9800	-0.192
20.9850	-0.195
20.9900	-0.199
20.9950	-0.203
21.0000	-0.207
21.0050	-0.210
21.0100	-0.214
21.0150	-0.217
21.0200	-0.220
21.0250	-0.221
21.0300	-0.225
21.0350	-0.228
21.0400	-0.229
21.0450	-0.232
21.0500	-0.234
21.0550	-0.236
21.0600	-0.237
21.0650	-0.239
21.0700	-0.240
21.0750	-0.240
21.0800	-0.242
21.0850	-0.242
21.0900	-0.243
21.0950	-0.243
21.1000	-0.243
21.1050	-0.243
21.1100	-0.243
21.1150	-0.243
21.1200	-0.243
21.1250	-0.242
21.1300	-0.242
21.1350	-0.240
21.1400	-0.239
21.1450	-0.237
21.1500	-0.236
21.1550	-0.234
21.1600	-0.232
21.1650	-0.231
21.1700	-0.228
21.1750	-0.226
21.1800	-0.223
21.1850	-0.220
21.1900	-0.217
21.1950	-0.214
21.2000	-0.210
21.2050	-0.207
21.2100	-0.204
21.2150	-0.199
21.2200	-0.196
21.2250	-0.192
21.2300	-0.188
21.2350	-0.184
21.2400	-0.179
21.2450	-0.174
21.2500	-0.170
21.2550	-0.165
21.2600	-0.160
21.2650	-0.156
21.2700	-0.151
21.2750	-0.145
21.2800	-0.140
21.2850	-0.134
21.2900	-0.129
21.2950	-0.123
21.3000	-0.116
21.3050	-0.112
21.3100	-0.105
21.3150	-0.099
21.3200	-0.093
21.3250	-0.086
21.3300	-0.080
21.3350	-0.074
21.3400	-0.068
21.3450	-0.061
21.3500	-0.055
21.3550	-0.049
21.3600	-0.042
21.3650	-0.036
21.3700	-0.028
21.3750	-0.022
21.3800	-0.016
21.3850	-0.009
21.3900	-0.002
21.3950	0.005
21.4000	0.011
21.4050	0.017
21.4100	0.024
21.4150	0.030
21.4200	0.038
21.4250	0.044
21.4300	0.050
21.4350	0.057
21.4400	0.063
21.4450	0.069
21.4500	0.075
21.4550	0.082
21.4600	0.088
21.4650	0.094
21.4700	0.101
21.4750	0.107
21.4800	0.113
21.4850	0.118
21.4900	0.124
21.4950	0.129
21.5000	0.135
21.5050	0.140
21.5100	0.146
21.5150	0.151
21.5200	0.156
21.5250	0.162
21.5300	0.167
21.5350	0.171
21.5400	0.176
21.5450	0.181
21.5500	0.184
21.5550	0.188
21.5600	0.193
21.5650	0.196
21.5700	0.201
21.5750	0.204
21.5800	0.207
21.5850	0.210
21.5900	0.214
21.5950	0.217
21.6000	0.220
21.6050	0.223
21.6100	0.226
21.6150	0.228
21.6200	0.231
21.6250	0.232
21.6300	0.234
21.6350	0.236
21.6400	0.237
21.6450	0.239
21.6500	0.240
21.6550	0.240
21.6600	0.242
21.6650	0.242
21.6700	0.243
21.6750	0.243
21.6800	0.243
21.6850	0.243
21.6900	0.243
21.6950	0.243
21.7000	0.243
21.7050	0.242
21.7100	0.242
21.7150	0.240
21.7200	0.239
21.7250	0.237
21.7300	0.236
21.7350	0.234
21.7400	0.232
21.7450	0.229
21.7500	0.228
21.7550	0.225
21.7600	0.221
21.7650	0.220
21.7700	0.217
21.7750	0.214
21.7800	0.210
21.7850	0.206
21.7900	0.203
21.7950	0.199
21.8000	0.195
21.8050	0.192
21.8100	0.187
21.8150	0.182
21.8200	0.178
21.8250	0.174
21.8300	0.170
21.8350	0.163
21.8400	0.159
21.8450	0.154
21.8500	0.149
21.8550	0.143
21.8600	0.138
21.8650	0.132
21.8700	0.127
21.8750	0.121
21.8800	0.116
21.8850	0.110
21.8900	0.104
21.8950	0.097
21.9000	0.091
21.9050	0.085
21.9100	0.079
21.9150	0.072
21.9200	0.066
21.9250	0.060
21.9300	0.053
21.9350	0.047
21.9400	0.041
21.9450	0.035
21.9500	0.028
21.9550	0.020
21.9600	0.014
21.9650	0.008
21.9700	0.002
21.9750	-0.005
21.9800	-0.013
21.9850	-0.019
21.9900	-0.025
21.9950	-0.031
22.0000	-0.038
22.0050	-0.044
22.0100	-0.050
22.0150	-0.058
22.0200	-0.064
22.0250	-0.071
22.0300	-0.077
22.0350	-0.083
22.0400	-0.090
22.0450	-0.094
22.0500	-0.101
22.0550	-0.107
22.0600	-0.113
22.0650	-0.119
22.0700	-0.124
22.0750	-0.130
22.0800	-0.135
22.0850	-0.141
22.0900	-0.146
22.0950	-0.151
22.1000	-0.157
22.1050	-0.162
22.1100	-0.167
22.1150	-0.171
22.1200	-0.176
22.1250	-0.181
22.1300	-0.184
22.1350	-0.188
22.1400	-0.193
22.1450	-0.196
22.1500	-0.199
22.1550	-0.204
22.1600	-0.207
22.1650	-0.210
22.1700	-0.214
22.1750	-0.217
22.1800	-0.220
22.1850	-0.221
22.1900	-0.225
22.1950	-0.228
22.2000	-0.229
22.2050	-0.231
22.2100	-0.232
22.2150	-0.234
22.2200	-0.236
22.2250	-0.237
22.2300	-0.239
22.2350	-0.240
22.2400	-0.240
22.2450	-0.240
22.2500	-0.242
22.2550	-0.242
22.2600	-0.242
22.2650	-0.242
22.2700	-0.242
22.2750	-0.242
22.2800	-0.242
22.2850	-0.240
22.2900	-0.239
22.2950	-0.239
22.3000	-0.237
22.3050	-0.236
22.3100	-0.234
22.3150	-0.232
22.3200	-0.229
22.3250	-0.228
22.3300	-0.225
22.3350	-0.223
22.3400	-0.220
22.3450	-0.217
22.3500	-0.214
22.3550	-0.210
22.3600	-0.207
22.3650	-0.204
22.3700	-0.201
22.3750	-0.196
22.3800	-0.193
22.3850	-0.188
22.3900	-0.184
22.3950	-0.181
22.4000	-0.176
22.4050	-0.171
22.4100	-0.167
22.4150	-0.162
22.4200	-0.157
22.4250	-0.151
22.4300	-0.146
22.4350	-0.141
22.4400	-0.135
22.4450	-0.130
22.4500	-0.124
22.4550	-0.119
22.4600	-0.113
22.4650	-0.107
22.4700	-0.101
22.4750	-0.096
22.4800	-0.090
22.4850	-0.083
22.4900	-0.077
22.4950	-0.071
22.5000	-0.064
22.5050	-0.058
22.5100	-0.052
22.5150	-0.044
22.5200	-0.038
22.5250	-0.031
22.5300	-0.025
22.5350	-0.019
22.5400	-0.013
22.5450	-0.005
22.5500	0.002
22.5550	0.008
22.5600	0.014
22.5650	0.020
22.5700	0.027
22.5750	0.035
22.5800	0.041
22.5850	0.047
22.5900	0.053
22.5950	0.060
22.6000	0.066
22.6050	0.072
22.6100	0.079
22.6150	0.085
22.6200	0.091
22.6250	0.097
22.6300	0.104
22.6350	0.108
22.6400	0.115
22.6450	0.121
22.6500	0.126
22.6550	0.132
22.6600	0.137
22.6650	0.143
22.6700	0.148
22.6750	0.152
22.6800	0.159
22.6850	0.163
22.6900	0.168
22.6950	0.173
22.7000	0.178
22.7050	0.181
22.7100	0.185
22.7150	0.190
22.7200	0.193
22.7250	0.198
22.7300	0.201
22.7350	0.204
22.7400	0.209
22.7450	0.212
22.7500	0.215
22.7550	0.218
22.7600	0.220
22.7650	0.223
22.7700	0.225
22.7750	0.228
22.7800	0.229
22.7850	0.231
22.7900	0.234
22.7950	0.236
22.8000	0.237
22.8050	0.237
22.8100	0.239
22.8150	0.240
22.8200	0.240
22.8250	0.240
22.8300	0.242
22.8350	0.242
22.8400	0.242
22.8450	0.242
22.8500	0.242
22.8550	0.242
22.8600	0.240
22.8650	0.240
22.8700	0.239
22.8750	0.237
22.8800	0.237
22.8850	0.236
22.8900	0.232
22.8950	0.231
22.9000	0.229
22.9050	0.226
22.9100	0.225
22.9150	0.221
22.9200	0.220
22.9250	0.217
22.9300	0.214
22.9350	0.210
22.9400	0.207
22.9450	0.203
22.9500	0.199
22.9550	0.196
22.9600	0.192
22.9650	0.188
22.9700	0.184
22.9750	0.179
22.9800	0.174
22.9850	0.170
22.9900	0.165
22.9950	0.160
23.0000	0.156
23.0050	0.151
23.0100	0.145
23.0150	0.140
23.0200	0.134
23.0250	0.129
23.0300	0.123
23.0350	0.118
23.0400	0.112
23.0450	0.105
23.0500	0.101
23.0550	0.094
23.0600	0.088
23.0650	0.082
23.0700	0.075
23.0750	0.069
23.0800	0.063
23.0850	0.057
23.0900	0.050
23.0950	0.044
23.1000	0.038
23.1050	0.030
23.1100	0.024
23.1150	0.017
23.1200	0.011
23.1250	0.005
23.1300	-0.002
23.1350	-0.009
23.1400	-0.016
23.1450	-0.022
23.1500	-0.028
23.1550	-0.035
23.1600	-0.041
23.1650	-0.047
23.1700	-0.055
23.1750	-0.061
23.1800	-0.068
23.1850	-0.074
23.1900	-0.080
23.1950	-0.085
23.2000	-0.091
23.2050	-0.097
23.2100	-0.104
23.2150	-0.110
23.2200	-0.115
23.2250	-0.121
23.2300	-0.127
23.2350	-0.132
23.2400	-0.138
23.2450	-0.143
23.2500	-0.148
23.2550	-0.154
23.2600	-0.159
23.2650	-0.163
23.2700	-0.168
23.2750	-0.173
23.2800	-0.178
23.2850	-0.181
23.2900	-0.185
23.2950	-0.190
23.3000	-0.193
23.3050	-0.198
23.3100	-0.201
23.3150	-0.204
23.3200	-0.207
23.3250	-0.210
23.3300	-0.214
23.3350	-0.217
23.3400	-0.220
23.3450	-0.221
23.3500	-0.225
23.3550	-0.226
23.3600	-0.229
23.3650	-0.231
23.3700	-0.232
23.3750	-0.234
23.3800	-0.236
23.3850	-0.237
23.3900	-0.237
23.3950	-0.239
23.4000	-0.239
23.4050	-0.240
23.4100	-0.240
23.4150	-0.240
23.4200	-0.240
23.4250	-0.240
23.4300	-0.240
23.4350	-0.240
23.4400	-0.239
23.4450	-0.239
23.4500	-0.237
23.4550	-0.236
23.4600	-0.234
23.4650	-0.232
23.4700	-0.231
23.4750	-0.229
23.4800	-0.228
23.4850	-0.225
23.4900	-0.223
23.4950	-0.220
23.5000	-0.217
23.5050	-0.214
23.5100	-0.210
23.5150	-0.207
23.5200	-0.204
23.5250	-0.201
23.5300	-0.196
23.5350	-0.193
23.5400	-0.188
23.5450	-0.185
23.5500	-0.181
23.5550	-0.176
23.5600	-0.171
23.5650	-0.168
23.5700	-0.163
23.5750	-0.157
23.5800	-0.152
23.5850	-0.148
23.5900	-0.143
23.5950	-0.137
23.6000	-0.132
23.6050	-0.126
23.6100	-0.121
23.6150	-0.115
23.6200	-0.108
23.6250	-0.104
23.6300	-0.097
23.6350	-0.091
23.6400	-0.085
23.6450	-0.079
23.6500	-0.072
23.6550	-0.066
23.6600	-0.060
23.6650	-0.053
23.6700	-0.047
23.6750	-0.041
23.6800	-0.035
23.6850	-0.028
23.6900	-0.022
23.6950	-0.014
23.7000	-0.008
23.7050	-0.002
23.7100	0.005
23.7150	0.011
23.7200	0.017
23.7250	0.024
23.7300	0.031
23.7350	0.038
23.7400	0.044
23.7450	0.050
23.7500	0.057
23.7550	0.063
23.7600	0.069
23.7650	0.075
23.7700	0.082
23.7750	0.088
23.7800	0.094
23.7850	0.099
23.7900	0.105
23.7950	0.112
23.8000	0.118
23.8050	0.123
23.8100	0.129
23.8150	0.134
23.8200	0.140
23.8250	0.145
23.8300	0.149
23.8350	0.156
23.8400	0.160
23.8450	0.165
23.8500	0.170
23.8550	0.174
23.8600	0.178
23.8650	0.182
23.8700	0.187
23.8750	0.190
23.8800	0.195
23.8850	0.198
23.8900	0.203
23.8950	0.206
23.9000	0.209
23.9050	0.212
23.9100	0.215
23.9150	0.218
23.9200	0.220
23.9250	0.223
23.9300	0.225
23.9350	0.228
23.9400	0.229
23.9450	0.231
23.9500	0.232
23.9550	0.234
23.9600	0.236
23.9650	0.237
23.9700	0.237
23.9750	0.239
23.9800	0.239
23.9850	0.240
23.9900	0.240
23.9950	0.240
24.0000	0.240
24.0050	0.240
24.0100	0.240
24.0150	0.240
24.0200	0.239
24.0250	0.239
24.0300	0.237
24.0350	0.236
24.0400	0.234
24.0450	0.232
24.0500	0.231
24.0550	0.229
24.0600	0.226
24.0650	0.225
24.0700	0.221
24.0750	0.220
24.0800	0.217
24.0850	0.214
24.0900	0.210
24.0950	0.207
24.1000	0.204
24.1050	0.199
24.1100	0.196
24.1150	0.192
24.1200	0.188
24.1250	0.184
24.1300	0.181
24.1350	0.176
24.1400	0.171
24.1450	0.167
24.1500	0.162
24.1550	0.157
24.1600	0.151
24.1650	0.146
24.1700	0.141
24.1750	0.135
24.1800	0.130
24.1850	0.124
24.1900	0.119
24.1950	0.113
24.2000	0.108
24.2050	0.102
24.2100	0.096
24.2150	0.090
24.2200	0.083
24.2250	0.077
24.2300	0.071
24.2350	0.064
24.2400	0.058
24.2450	0.052
24.2500	0.046
24.2550	0.039
24.2600	0.033
24.2650	0.027
24.2700	0.020
24.2750	0.014
24.2800	0.008
24.2850	0.000
24.2900	-0.006
24.2950	-0.013
24.3000	-0.019
24.3050	-0.025
24.3100	-0.031
24.3150	-0.038
24.3200	-0.044
24.3250	-0.050
24.3300	-0.057
24.3350	-0.063
24.3400	-0.069
24.3450	-0.075
24.3500	-0.082
24.3550	-0.088
24.3600	-0.094
24.3650	-0.101
24.3700	-0.107
24.3750	-0.112
24.3800	-0.118
24.3850	-0.124
24.3900	-0.129
24.3950	-0.134
24.4000	-0.140
24.4050	-0.145
24.4100	-0.149
24.4150	-0.156
24.4200	-0.160
24.4250	-0.165
24.4300	-0.170
24.4350	-0.174
24.4400	-0.178
24.4450	-0.182
24.4500	-0.187
24.4550	-0.190
24.4600	-0.195
24.4650	-0.198
24.4700	-0.201
24.4750	-0.204
24.4800	-0.209
24.4850	-0.212
24.4900	-0.214
24.4950	-0.217
24.5000	-0.220
24.5050	-0.221
24.5100	-0.225
24.5150	-0.226
24.5200	-0.228
24.5250	-0.231
24.5300	-0.232
24.5350	-0.234
24.5400	-0.234
24.5450	-0.236
24.5500	-0.237
24.5550	-0.237
24.5600	-0.239
24.5650	-0.239
24.5700	-0.239
24.5750	-0.239
24.5800	-0.239
24.5850	-0.239
24.5900	-0.239
24.5950	-0.239
24.6000	-0.237
24.6050	-0.236
24.6100	-0.236
24.6150	-0.234
24.6200	-0.232
24.6250	-0.231
24.6300	-0.229
24.6350	-0.226
24.6400	-0.225
24.6450	-0.221
24.6500	-0.220
24.6550	-0.217
24.6600	-0.214
24.6650	-0.210
24.6700	-0.207
24.6750	-0.204
24.6800	-0.201
24.6850	-0.198
24.6900	-0.193
24.6950	-0.190
24.7000	-0.185
24.7050	-0.182
24.7100	-0.178
24.7150	-0.173
24.7200	-0.168
24.7250	-0.163
24.7300	-0.159
24.7350	-0.154
24.7400	-0.149
24.7450	-0.145
24.7500	-0.138
24.7550	-0.134
24.7600	-0.127
24.7650	-0.123
24.7700	-0.116
24.7750	-0.112
24.7800	-0.105
24.7850	-0.099
24.7900	-0.093
24.7950	-0.086
24.8000	-0.082
24.8050	-0.075
24.8100	-0.069
24.8150	-0.063
24.8200	-0.057
24.8250	-0.050
24.8300	-0.044
24.8350	-0.038
24.8400	-0.030
24.8450	-0.024
24.8500	-0.017
24.8550	-0.011
24.8600	-0.005
24.8650	0.002
24.8700	0.008
24.8750	0.014
24.8800	0.022
24.8850	0.028
24.8900	0.035
24.8950	0.041
24.9000	0.047
24.9050	0.053
24.9100	0.060
24.9150	0.066
24.9200	0.072
24.9250	0.079
24.9300	0.085
24.9350	0.091
24.9400	0.096
24.9450	0.102
24.9500	0.108
24.9550	0.115
24.9600	0.119
24.9650	0.126
24.9700	0.130
24.9750	0.137
24.9800	0.141
24.9850	0.146
24.9900	0.151
24.9950	0.157
25.0000	0.162
25.0050	0.167
25.0100	0.171
25.0150	0.174
25.0200	0.179
25.0250	0.184
25.0300	0.188
25.0350	0.192
25.0400	0.195
25.0450	0.199
25.0500	0.203
25.0550	0.206
25.0600	0.209
25.0650	0.212
25.0700	0.215
25.0750	0.218
25.0800	0.220
25.0850	0.223
25.0900	0.225
25.0950	0.228
25.1000	0.229
25.1050	0.231
25.1100	0.232
25.1150	0.234
25.1200	0.234
25.1250	0.236
25.1300	0.237
25.1350	0.237
25.1400	0.237
25.1450	0.239
25.1500	0.239
25.1550	0.239
25.1600	0.239
25.1650	0.239
25.1700	0.239
25.1750	0.237
25.1800	0.237
25.1850	0.236
25.1900	0.234
25.1950	0.232
25.2000	0.232
25.2050	0.229
25.2100	0.228
25.2150	0.226
25.2200	0.223
25.2250	0.221
25.2300	0.218
25.2350	0.217
25.2400	0.214
25.2450	0.210
25.2500	0.207
25.2550	0.204
25.2600	0.201
25.2650	0.196
25.2700	0.193
25.2750	0.188
25.2800	0.185
25.2850	0.181
25.2900	0.176
25.2950	0.171
25.3000	0.167
25.3050	0.162
25.3100	0.157
25.3150	0.152
25.3200	0.148
25.3250	0.143
25.3300	0.137
25.3350	0.132
25.3400	0.126
25.3450	0.121
25.3500	0.115
25.3550	0.110
25.3600	0.104
25.3650	0.097
25.3700	0.091
25.3750	0.086
25.3800	0.080
25.3850	0.074
25.3900	0.068
25.3950	0.061
25.4000	0.055
25.4050	0.049
25.4100	0.042
25.4150	0.036
25.4200	0.030
25.4250	0.024
25.4300	0.016
25.4350	0.009
25.4400	0.003
25.4450	-0.003
25.4500	-0.009
25.4550	-0.016
25.4600	-0.022
25.4650	-0.028
25.4700	-0.035
25.4750	-0.041
25.4800	-0.047
25.4850	-0.055
25.4900	-0.061
25.4950	-0.066
25.5000	-0.072
25.5050	-0.079
25.5100	-0.085
25.5150	-0.091
25.5200	-0.097
25.5250	-0.104
25.5300	-0.108
25.5350	-0.115
25.5400	-0.119
25.5450	-0.126
25.5500	-0.130
25.5550	-0.137
25.5600	-0.141
25.5650	-0.146
25.5700	-0.152
25.5750	-0.157
25.5800	-0.162
25.5850	-0.167
25.5900	-0.171
25.5950	-0.174
25.6000	-0.179
25.6050	-0.184
25.6100	-0.187
25.6150	-0.192
25.6200	-0.195
25.6250	-0.198
25.6300	-0.203
25.6350	-0.206
25.6400	-0.209
25.6450	-0.212
25.6500	-0.214
25.6550	-0.217
25.6600	-0.220
25.6650	-0.221
25.6700	-0.225
25.6750	-0.226
25.6800	-0.228
25.6850	-0.229
25.6900	-0.231
25.6950	-0.232
25.7000	-0.234
25.7050	-0.234
25.7100	-0.236
25.7150	-0.236
25.7200	-0.237
25.7250	-0.237
25.7300	-0.237
25.7350	-0.237
25.7400	-0.237
25.7450	-0.237
25.7500	-0.237
25.7550	-0.236
25.7600	-0.236
25.7650	-0.234
25.7700	-0.232
25.7750	-0.231
25.7800	-0.229
25.7850	-0.228
25.7900	-0.226
25.7950	-0.225
25.8000	-0.221
25.8050	-0.220
25.8100	-0.217
25.8150	-0.214
25.8200	-0.210
25.8250	-0.207
25.8300	-0.204
25.8350	-0.201
25.8400	-0.198
25.8450	-0.195
25.8500	-0.190
25.8550	-0.187
25.8600	-0.182
25.8650	-0.178
25.8700	-0.174
25.8750	-0.170
25.8800	-0.165
25.8850	-0.160
25.8900	-0.156
25.8950	-0.151
25.9000	-0.145
25.9050	-0.140
25.9100	-0.135
25.9150	-0.129
25.9200	-0.124
25.9250	-0.118
25.9300	-0.113
25.9350	-0.107
25.9400	-0.101
25.9450	-0.096
25.9500	-0.090
25.9550	-0.083
25.9600	-0.077
25.9650	-0.071
25.9700	-0.064
25.9750	-0.058
25.9800	-0.052
25.9850	-0.046
25.9900	-0.039
25.9950	-0.033
26.0000	-0.027
26.0050	-0.020
26.0100	-0.014
26.0150	-0.008
26.0200	-0.002
