Tempo ( s )	Posicao angular ( rad )
0.0000	0.000
0.0050	0.000
0.0100	0.000
0.0150	0.000
0.0200	0.000
0.0250	0.000
0.0300	0.000
0.0350	0.000
0.0400	0.000
0.0450	0.000
0.0500	0.000
0.0550	0.000
0.0600	0.000
0.0650	0.000
0.0700	0.000
0.0750	0.000
0.0800	0.000
0.0850	0.000
0.0900	0.000
0.0950	0.000
0.1000	0.000
0.1050	0.000
0.1100	0.000
0.1150	0.000
0.1200	0.000
0.1250	0.000
0.1300	0.000
0.1350	0.000
0.1400	0.000
0.1450	0.000
0.1500	0.000
0.1550	0.000
0.1600	0.000
0.1650	0.000
0.1700	0.000
0.1750	0.000
0.1800	0.000
0.1850	0.000
0.1900	0.000
0.1950	0.000
0.2000	0.000
0.2050	0.000
0.2100	0.000
0.2150	0.000
0.2200	0.000
0.2250	0.000
0.2300	0.000
0.2350	0.000
0.2400	0.000
0.2450	0.000
0.2500	0.000
0.2550	0.000
0.2600	0.000
0.2650	0.000
0.2700	0.000
0.2750	0.000
0.2800	0.000
0.2850	0.000
0.2900	0.000
0.2950	0.000
0.3000	0.000
0.3050	0.000
0.3100	0.000
0.3150	0.000
0.3200	0.000
0.3250	0.000
0.3300	0.000
0.3350	0.000
0.3400	0.000
0.3450	0.000
0.3500	0.000
0.3550	0.000
0.3600	0.000
0.3650	0.000
0.3700	0.000
0.3750	0.000
0.3800	0.000
0.3850	0.000
0.3900	0.000
0.3950	0.000
0.4000	0.000
0.4050	0.000
0.4100	0.000
0.4150	0.000
0.4200	0.000
0.4250	0.000
0.4300	0.000
0.4350	0.000
0.4400	0.000
0.4450	0.000
0.4500	0.000
0.4550	0.000
0.4600	0.000
0.4650	0.000
0.4700	0.000
0.4750	0.000
0.4800	0.000
0.4850	0.000
0.4900	0.000
0.4950	0.000
0.5000	0.000
0.5050	0.000
0.5100	0.000
0.5150	0.000
0.5200	0.000
0.5250	0.000
0.5300	0.000
0.5350	0.000
0.5400	0.000
0.5450	0.000
0.5500	0.000
0.5550	0.000
0.5600	0.000
0.5650	0.000
0.5700	0.000
0.5750	0.000
0.5800	0.000
0.5850	0.000
0.5900	0.000
0.5950	0.000
0.6000	0.000
0.6050	0.000
0.6100	0.000
0.6150	0.000
0.6200	0.000
0.6250	0.000
0.6300	0.000
0.6350	0.000
0.6400	0.000
0.6450	0.000
0.6500	0.000
0.6550	0.000
0.6600	0.000
0.6650	0.000
0.6700	0.000
0.6750	0.000
0.6800	0.000
0.6850	0.000
0.6900	0.000
0.6950	0.000
0.7000	0.000
0.7050	0.000
0.7100	0.000
0.7150	0.000
0.7200	0.000
0.7250	0.000
0.7300	0.000
0.7350	0.000
0.7400	0.000
0.7450	0.000
0.7500	0.000
0.7550	0.002
0.7600	0.002
0.7650	0.002
0.7700	0.003
0.7750	0.005
0.7800	0.005
0.7850	0.006
0.7900	0.008
0.7950	0.009
0.8000	0.011
0.8050	0.013
0.8100	0.014
0.8150	0.016
0.8200	0.017
0.8250	0.019
0.8300	0.022
0.8350	0.024
0.8400	0.025
0.8450	0.028
0.8500	0.030
0.8550	0.031
0.8600	0.035
0.8650	0.036
0.8700	0.039
0.8750	0.041
0.8800	0.044
0.8850	0.046
0.8900	0.049
0.8950	0.050
0.9000	0.053
0.9050	0.055
0.9100	0.058
0.9150	0.060
0.9200	0.063
0.9250	0.066
0.9300	0.068
0.9350	0.071
0.9400	0.072
0.9450	0.075
0.9500	0.077
0.9550	0.080
0.9600	0.083
0.9650	0.085
0.9700	0.088
0.9750	0.090
0.9800	0.093
0.9850	0.094
0.9900	0.096
0.9950	0.099
1.0000	0.101
1.0050	0.102
1.0100	0.104
1.0150	0.105
1.0200	0.107
1.0250	0.108
1.0300	0.110
1.0350	0.112
1.0400	0.113
1.0450	0.115
1.0500	0.116
1.0550	0.116
1.0600	0.118
1.0650	0.119
1.0700	0.119
1.0750	0.121
1.0800	0.121
1.0850	0.121
1.0900	0.123
1.0950	0.123
1.1000	0.123
1.1050	0.123
1.1100	0.123
1.1150	0.123
1.1200	0.123
1.1250	0.123
1.1300	0.123
1.1350	0.123
1.1400	0.123
1.1450	0.123
1.1500	0.121
1.1550	0.121
1.1600	0.119
1.1650	0.119
1.1700	0.118
1.1750	0.118
1.1800	0.116
1.1850	0.115
1.1900	0.113
1.1950	0.112
1.2000	0.110
1.2050	0.108
1.2100	0.107
1.2150	0.105
1.2200	0.104
1.2250	0.102
1.2300	0.101
1.2350	0.097
1.2400	0.096
1.2450	0.094
1.2500	0.091
1.2550	0.090
1.2600	0.086
1.2650	0.083
1.2700	0.082
1.2750	0.079
1.2800	0.077
1.2850	0.074
1.2900	0.071
1.2950	0.068
1.3000	0.066
1.3050	0.063
1.3100	0.060
1.3150	0.057
1.3200	0.053
1.3250	0.050
1.3300	0.047
1.3350	0.044
1.3400	0.041
1.3450	0.038
1.3500	0.035
1.3550	0.031
1.3600	0.028
1.3650	0.025
1.3700	0.022
1.3750	0.019
1.3800	0.016
1.3850	0.011
1.3900	0.008
1.3950	0.005
1.4000	0.002
1.4050	-0.002
1.4100	-0.005
1.4150	-0.008
1.4200	-0.011
1.4250	-0.016
1.4300	-0.019
1.4350	-0.022
1.4400	-0.025
1.4450	-0.028
1.4500	-0.031
1.4550	-0.035
1.4600	-0.038
1.4650	-0.041
1.4700	-0.044
1.4750	-0.047
1.4800	-0.050
1.4850	-0.053
1.4900	-0.057
1.4950	-0.060
1.5000	-0.063
1.5050	-0.066
1.5100	-0.068
1.5150	-0.071
1.5200	-0.074
1.5250	-0.075
1.5300	-0.079
1.5350	-0.082
1.5400	-0.083
1.5450	-0.086
1.5500	-0.088
1.5550	-0.091
1.5600	-0.093
1.5650	-0.096
1.5700	-0.097
1.5750	-0.099
1.5800	-0.101
1.5850	-0.104
1.5900	-0.105
1.5950	-0.107
1.6000	-0.108
1.6050	-0.110
1.6100	-0.112
1.6150	-0.113
1.6200	-0.113
1.6250	-0.115
1.6300	-0.116
1.6350	-0.118
1.6400	-0.118
1.6450	-0.119
1.6500	-0.119
1.6550	-0.121
1.6600	-0.121
1.6650	-0.121
1.6700	-0.123
1.6750	-0.123
1.6800	-0.123
1.6850	-0.123
1.6900	-0.123
1.6950	-0.123
1.7000	-0.123
1.7050	-0.123
1.7100	-0.123
1.7150	-0.123
1.7200	-0.123
1.7250	-0.121
1.7300	-0.121
1.7350	-0.119
1.7400	-0.119
1.7450	-0.118
1.7500	-0.118
1.7550	-0.116
1.7600	-0.115
1.7650	-0.113
1.7700	-0.112
1.7750	-0.110
1.7800	-0.108
1.7850	-0.107
1.7900	-0.105
1.7950	-0.104
1.8000	-0.102
1.8050	-0.101
1.8100	-0.097
1.8150	-0.096
1.8200	-0.094
1.8250	-0.091
1.8300	-0.090
1.8350	-0.086
1.8400	-0.085
1.8450	-0.082
1.8500	-0.080
1.8550	-0.077
1.8600	-0.074
1.8650	-0.072
1.8700	-0.069
1.8750	-0.066
1.8800	-0.063
1.8850	-0.060
1.8900	-0.058
1.8950	-0.055
1.9000	-0.052
1.9050	-0.049
1.9100	-0.046
1.9150	-0.042
1.9200	-0.039
1.9250	-0.036
1.9300	-0.033
1.9350	-0.030
1.9400	-0.027
1.9450	-0.024
1.9500	-0.019
1.9550	-0.016
1.9600	-0.013
1.9650	-0.009
1.9700	-0.006
1.9750	-0.003
1.9800	0.000
1.9850	0.003
1.9900	0.006
1.9950	0.011
2.0000	0.014
2.0050	0.017
2.0100	0.020
2.0150	0.024
2.0200	0.027
2.0250	0.030
2.0300	0.033
2.0350	0.036
2.0400	0.039
2.0450	0.042
2.0500	0.046
2.0550	0.049
2.0600	0.052
2.0650	0.055
2.0700	0.058
2.0750	0.061
2.0800	0.063
2.0850	0.066
2.0900	0.069
2.0950	0.072
2.1000	0.074
2.1050	0.077
2.1100	0.080
2.1150	0.082
2.1200	0.085
2.1250	0.086
2.1300	0.090
2.1350	0.091
2.1400	0.094
2.1450	0.096
2.1500	0.097
2.1550	0.101
2.1600	0.102
2.1650	0.104
2.1700	0.105
2.1750	0.107
2.1800	0.108
2.1850	0.110
2.1900	0.112
2.1950	0.113
2.2000	0.113
2.2050	0.115
2.2100	0.116
2.2150	0.116
2.2200	0.118
2.2250	0.119
2.2300	0.119
2.2350	0.119
2.2400	0.121
2.2450	0.121
2.2500	0.121
2.2550	0.121
2.2600	0.121
2.2650	0.121
2.2700	0.121
2.2750	0.121
2.2800	0.121
2.2850	0.121
2.2900	0.121
2.2950	0.121
2.3000	0.121
2.3050	0.119
2.3100	0.119
2.3150	0.118
2.3200	0.118
2.3250	0.116
2.3300	0.116
2.3350	0.115
2.3400	0.113
2.3450	0.112
2.3500	0.110
2.3550	0.108
2.3600	0.107
2.3650	0.105
2.3700	0.104
2.3750	0.102
2.3800	0.101
2.3850	0.099
2.3900	0.096
2.3950	0.094
2.4000	0.093
2.4050	0.090
2.4100	0.088
2.4150	0.085
2.4200	0.083
2.4250	0.080
2.4300	0.077
2.4350	0.075
2.4400	0.072
2.4450	0.069
2.4500	0.068
2.4550	0.064
2.4600	0.061
2.4650	0.058
2.4700	0.055
2.4750	0.052
2.4800	0.049
2.4850	0.046
2.4900	0.042
2.4950	0.039
2.5000	0.036
2.5050	0.033
2.5100	0.030
2.5150	0.027
2.5200	0.024
2.5250	0.020
2.5300	0.017
2.5350	0.014
2.5400	0.011
2.5450	0.008
2.5500	0.005
2.5550	0.002
2.5600	-0.003
2.5650	-0.006
2.5700	-0.009
2.5750	-0.013
2.5800	-0.016
2.5850	-0.019
2.5900	-0.022
2.5950	-0.025
2.6000	-0.028
2.6050	-0.031
2.6100	-0.035
2.6150	-0.038
2.6200	-0.041
2.6250	-0.044
2.6300	-0.047
2.6350	-0.050
2.6400	-0.053
2.6450	-0.057
2.6500	-0.060
2.6550	-0.063
2.6600	-0.066
2.6650	-0.068
2.6700	-0.071
2.6750	-0.074
2.6800	-0.075
2.6850	-0.079
2.6900	-0.082
2.6950	-0.083
2.7000	-0.086
2.7050	-0.088
2.7100	-0.091
2.7150	-0.093
2.7200	-0.094
2.7250	-0.097
2.7300	-0.099
2.7350	-0.101
2.7400	-0.102
2.7450	-0.104
2.7500	-0.105
2.7550	-0.107
2.7600	-0.108
2.7650	-0.110
2.7700	-0.112
2.7750	-0.113
2.7800	-0.115
2.7850	-0.115
2.7900	-0.116
2.7950	-0.118
2.8000	-0.118
2.8050	-0.119
2.8100	-0.119
2.8150	-0.119
2.8200	-0.121
2.8250	-0.121
2.8300	-0.121
2.8350	-0.121
2.8400	-0.121
2.8450	-0.121
2.8500	-0.121
2.8550	-0.121
2.8600	-0.121
2.8650	-0.121
2.8700	-0.121
2.8750	-0.121
2.8800	-0.119
2.8850	-0.119
2.8900	-0.118
2.8950	-0.118
2.9000	-0.116
2.9050	-0.116
2.9100	-0.115
2.9150	-0.113
2.9200	-0.112
2.9250	-0.110
2.9300	-0.110
2.9350	-0.107
2.9400	-0.105
2.9450	-0.104
2.9500	-0.102
2.9550	-0.101
2.9600	-0.099
2.9650	-0.097
2.9700	-0.094
2.9750	-0.093
2.9800	-0.091
2.9850	-0.088
2.9900	-0.086
2.9950	-0.083
3.0000	-0.080
3.0050	-0.079
3.0100	-0.075
3.0150	-0.074
3.0200	-0.071
3.0250	-0.068
3.0300	-0.064
3.0350	-0.061
3.0400	-0.060
3.0450	-0.057
3.0500	-0.053
3.0550	-0.050
3.0600	-0.047
3.0650	-0.044
3.0700	-0.041
3.0750	-0.038
3.0800	-0.035
3.0850	-0.031
3.0900	-0.028
3.0950	-0.025
3.1000	-0.022
3.1050	-0.019
3.1100	-0.016
3.1150	-0.013
3.1200	-0.009
3.1250	-0.005
3.1300	-0.002
3.1350	0.002
3.1400	0.005
3.1450	0.008
3.1500	0.011
3.1550	0.014
3.1600	0.017
3.1650	0.020
3.1700	0.024
3.1750	0.027
3.1800	0.030
3.1850	0.033
3.1900	0.036
3.1950	0.039
3.2000	0.042
3.2050	0.046
3.2100	0.049
3.2150	0.052
3.2200	0.055
3.2250	0.058
3.2300	0.061
3.2350	0.064
3.2400	0.066
3.2450	0.069
3.2500	0.072
3.2550	0.074
3.2600	0.077
3.2650	0.080
3.2700	0.082
3.2750	0.085
3.2800	0.086
3.2850	0.090
3.2900	0.091
3.2950	0.093
3.3000	0.096
3.3050	0.097
3.3100	0.099
3.3150	0.101
3.3200	0.102
3.3250	0.104
3.3300	0.107
3.3350	0.108
3.3400	0.108
3.3450	0.110
3.3500	0.112
3.3550	0.113
3.3600	0.115
3.3650	0.115
3.3700	0.116
3.3750	0.116
3.3800	0.118
3.3850	0.118
3.3900	0.119
3.3950	0.119
3.4000	0.119
3.4050	0.119
3.4100	0.121
3.4150	0.121
3.4200	0.121
3.4250	0.121
3.4300	0.121
3.4350	0.121
3.4400	0.121
3.4450	0.121
3.4500	0.119
3.4550	0.119
3.4600	0.119
3.4650	0.118
3.4700	0.118
3.4750	0.116
3.4800	0.115
3.4850	0.115
3.4900	0.113
3.4950	0.112
3.5000	0.110
3.5050	0.108
3.5100	0.107
3.5150	0.105
3.5200	0.104
3.5250	0.102
3.5300	0.101
3.5350	0.099
3.5400	0.097
3.5450	0.094
3.5500	0.093
3.5550	0.091
3.5600	0.088
3.5650	0.086
3.5700	0.083
3.5750	0.082
3.5800	0.079
3.5850	0.075
3.5900	0.074
3.5950	0.071
3.6000	0.068
3.6050	0.066
3.6100	0.063
3.6150	0.060
3.6200	0.057
3.6250	0.053
3.6300	0.050
3.6350	0.049
3.6400	0.046
3.6450	0.042
3.6500	0.039
3.6550	0.036
3.6600	0.033
3.6650	0.030
3.6700	0.027
3.6750	0.024
3.6800	0.020
3.6850	0.016
3.6900	0.013
3.6950	0.009
3.7000	0.006
3.7050	0.003
3.7100	0.000
3.7150	-0.003
3.7200	-0.006
3.7250	-0.009
3.7300	-0.013
3.7350	-0.016
3.7400	-0.019
3.7450	-0.024
3.7500	-0.027
3.7550	-0.030
3.7600	-0.033
3.7650	-0.036
3.7700	-0.039
3.7750	-0.042
3.7800	-0.046
3.7850	-0.049
3.7900	-0.050
3.7950	-0.053
3.8000	-0.057
3.8050	-0.060
3.8100	-0.063
3.8150	-0.066
3.8200	-0.068
3.8250	-0.071
3.8300	-0.074
3.8350	-0.075
3.8400	-0.079
3.8450	-0.080
3.8500	-0.083
3.8550	-0.086
3.8600	-0.088
3.8650	-0.090
3.8700	-0.093
3.8750	-0.094
3.8800	-0.096
3.8850	-0.099
3.8900	-0.101
3.8950	-0.102
3.9000	-0.104
3.9050	-0.105
3.9100	-0.107
3.9150	-0.108
3.9200	-0.110
3.9250	-0.112
3.9300	-0.112
3.9350	-0.113
3.9400	-0.115
3.9450	-0.115
3.9500	-0.116
3.9550	-0.116
3.9600	-0.118
3.9650	-0.118
3.9700	-0.119
3.9750	-0.119
3.9800	-0.119
3.9850	-0.119
3.9900	-0.119
3.9950	-0.119
4.0000	-0.119
4.0050	-0.119
4.0100	-0.119
4.0150	-0.119
4.0200	-0.119
4.0250	-0.119
4.0300	-0.119
4.0350	-0.119
4.0400	-0.118
4.0450	-0.118
4.0500	-0.116
4.0550	-0.115
4.0600	-0.115
4.0650	-0.113
4.0700	-0.112
4.0750	-0.110
4.0800	-0.110
4.0850	-0.107
4.0900	-0.107
4.0950	-0.105
4.1000	-0.102
4.1050	-0.101
4.1100	-0.099
4.1150	-0.097
4.1200	-0.096
4.1250	-0.093
4.1300	-0.091
4.1350	-0.090
4.1400	-0.086
4.1450	-0.085
4.1500	-0.082
4.1550	-0.080
4.1600	-0.077
4.1650	-0.074
4.1700	-0.072
4.1750	-0.069
4.1800	-0.066
4.1850	-0.063
4.1900	-0.061
4.1950	-0.058
4.2000	-0.055
4.2050	-0.052
4.2100	-0.049
4.2150	-0.046
4.2200	-0.042
4.2250	-0.039
4.2300	-0.036
4.2350	-0.033
4.2400	-0.030
4.2450	-0.027
4.2500	-0.024
4.2550	-0.020
4.2600	-0.017
4.2650	-0.014
4.2700	-0.011
4.2750	-0.008
4.2800	-0.005
4.2850	-0.002
4.2900	0.002
4.2950	0.005
4.3000	0.008
4.3050	0.011
4.3100	0.016
4.3150	0.019
4.3200	0.022
4.3250	0.025
4.3300	0.028
4.3350	0.031
4.3400	0.035
4.3450	0.038
4.3500	0.041
4.3550	0.044
4.3600	0.046
4.3650	0.049
4.3700	0.052
4.3750	0.055
4.3800	0.058
4.3850	0.061
4.3900	0.064
4.3950	0.066
4.4000	0.069
4.4050	0.072
4.4100	0.074
4.4150	0.077
4.4200	0.079
4.4250	0.082
4.4300	0.083
4.4350	0.086
4.4400	0.088
4.4450	0.091
4.4500	0.093
4.4550	0.094
4.4600	0.097
4.4650	0.099
4.4700	0.101
4.4750	0.102
4.4800	0.104
4.4850	0.105
4.4900	0.107
4.4950	0.108
4.5000	0.110
4.5050	0.112
4.5100	0.112
4.5150	0.113
4.5200	0.115
4.5250	0.115
4.5300	0.116
4.5350	0.116
4.5400	0.118
4.5450	0.118
4.5500	0.118
4.5550	0.119
4.5600	0.119
4.5650	0.119
4.5700	0.119
4.5750	0.119
4.5800	0.119
4.5850	0.119
4.5900	0.119
4.5950	0.119
4.6000	0.119
4.6050	0.119
4.6100	0.118
4.6150	0.118
4.6200	0.116
4.6250	0.116
4.6300	0.115
4.6350	0.113
4.6400	0.113
4.6450	0.112
4.6500	0.110
4.6550	0.108
4.6600	0.107
4.6650	0.105
4.6700	0.104
4.6750	0.102
4.6800	0.101
4.6850	0.099
4.6900	0.097
4.6950	0.096
4.7000	0.093
4.7050	0.091
4.7100	0.090
4.7150	0.086
4.7200	0.085
4.7250	0.082
4.7300	0.080
4.7350	0.077
4.7400	0.075
4.7450	0.072
4.7500	0.069
4.7550	0.068
4.7600	0.064
4.7650	0.061
4.7700	0.058
4.7750	0.055
4.7800	0.053
4.7850	0.050
4.7900	0.047
4.7950	0.044
4.8000	0.041
4.8050	0.038
4.8100	0.035
4.8150	0.031
4.8200	0.028
4.8250	0.025
4.8300	0.022
4.8350	0.019
4.8400	0.016
4.8450	0.013
4.8500	0.009
4.8550	0.006
4.8600	0.003
4.8650	0.000
4.8700	-0.005
4.8750	-0.008
4.8800	-0.011
4.8850	-0.014
4.8900	-0.017
4.8950	-0.020
4.9000	-0.024
4.9050	-0.027
4.9100	-0.030
4.9150	-0.033
4.9200	-0.036
4.9250	-0.039
4.9300	-0.042
4.9350	-0.046
4.9400	-0.049
4.9450	-0.050
4.9500	-0.053
4.9550	-0.057
4.9600	-0.060
4.9650	-0.063
4.9700	-0.066
4.9750	-0.068
4.9800	-0.071
4.9850	-0.074
4.9900	-0.075
4.9950	-0.079
5.0000	-0.080
5.0050	-0.083
5.0100	-0.085
5.0150	-0.088
5.0200	-0.090
5.0250	-0.091
5.0300	-0.094
5.0350	-0.096
5.0400	-0.097
5.0450	-0.099
5.0500	-0.101
5.0550	-0.102
5.0600	-0.105
5.0650	-0.105
5.0700	-0.107
5.0750	-0.108
5.0800	-0.110
5.0850	-0.112
5.0900	-0.112
5.0950	-0.113
5.1000	-0.115
5.1050	-0.115
5.1100	-0.116
5.1150	-0.116
5.1200	-0.118
5.1250	-0.118
5.1300	-0.118
5.1350	-0.118
5.1400	-0.118
5.1450	-0.119
5.1500	-0.119
5.1550	-0.119
5.1600	-0.119
5.1650	-0.119
5.1700	-0.119
5.1750	-0.119
5.1800	-0.118
5.1850	-0.118
5.1900	-0.118
5.1950	-0.116
5.2000	-0.116
5.2050	-0.115
5.2100	-0.113
5.2150	-0.113
5.2200	-0.112
5.2250	-0.110
5.2300	-0.108
5.2350	-0.107
5.2400	-0.107
5.2450	-0.105
5.2500	-0.104
5.2550	-0.101
5.2600	-0.099
5.2650	-0.097
5.2700	-0.096
5.2750	-0.094
5.2800	-0.091
5.2850	-0.090
5.2900	-0.088
5.2950	-0.085
5.3000	-0.083
5.3050	-0.080
5.3100	-0.079
5.3150	-0.075
5.3200	-0.072
5.3250	-0.071
5.3300	-0.068
5.3350	-0.064
5.3400	-0.063
5.3450	-0.060
5.3500	-0.057
5.3550	-0.053
5.3600	-0.050
5.3650	-0.047
5.3700	-0.044
5.3750	-0.042
5.3800	-0.039
5.3850	-0.036
5.3900	-0.033
5.3950	-0.030
5.4000	-0.027
5.4050	-0.024
5.4100	-0.020
5.4150	-0.017
5.4200	-0.014
5.4250	-0.011
5.4300	-0.006
5.4350	-0.003
5.4400	0.000
5.4450	0.003
5.4500	0.006
5.4550	0.009
5.4600	0.013
5.4650	0.016
5.4700	0.019
5.4750	0.022
5.4800	0.025
5.4850	0.028
5.4900	0.031
5.4950	0.035
5.5000	0.038
5.5050	0.041
5.5100	0.044
5.5150	0.047
5.5200	0.050
5.5250	0.052
5.5300	0.055
5.5350	0.058
5.5400	0.061
5.5450	0.063
5.5500	0.066
5.5550	0.069
5.5600	0.072
5.5650	0.074
5.5700	0.077
5.5750	0.079
5.5800	0.082
5.5850	0.083
5.5900	0.086
5.5950	0.088
5.6000	0.090
5.6050	0.093
5.6100	0.094
5.6150	0.096
5.6200	0.097
5.6250	0.101
5.6300	0.102
5.6350	0.104
5.6400	0.105
5.6450	0.107
5.6500	0.107
5.6550	0.108
5.6600	0.110
5.6650	0.112
5.6700	0.112
5.6750	0.113
5.6800	0.115
5.6850	0.115
5.6900	0.116
5.6950	0.116
5.7000	0.116
5.7050	0.118
5.7100	0.118
5.7150	0.118
5.7200	0.118
5.7250	0.118
5.7300	0.118
5.7350	0.118
5.7400	0.118
5.7450	0.118
5.7500	0.118
5.7550	0.118
5.7600	0.118
5.7650	0.116
5.7700	0.116
5.7750	0.115
5.7800	0.115
5.7850	0.113
5.7900	0.113
5.7950	0.112
5.8000	0.110
5.8050	0.108
5.8100	0.107
5.8150	0.107
5.8200	0.105
5.8250	0.102
5.8300	0.101
5.8350	0.099
5.8400	0.097
5.8450	0.096
5.8500	0.094
5.8550	0.091
5.8600	0.090
5.8650	0.088
5.8700	0.085
5.8750	0.083
5.8800	0.080
5.8850	0.079
5.8900	0.075
5.8950	0.074
5.9000	0.071
5.9050	0.068
5.9100	0.066
5.9150	0.063
5.9200	0.060
5.9250	0.057
5.9300	0.055
5.9350	0.052
5.9400	0.049
5.9450	0.046
5.9500	0.042
5.9550	0.039
5.9600	0.036
5.9650	0.033
5.9700	0.030
5.9750	0.027
5.9800	0.024
5.9850	0.020
5.9900	0.017
5.9950	0.014
6.0000	0.011
6.0050	0.008
6.0100	0.005
6.0150	0.002
6.0200	-0.002
6.0250	-0.005
6.0300	-0.008
6.0350	-0.011
6.0400	-0.014
6.0450	-0.017
6.0500	-0.020
6.0550	-0.024
6.0600	-0.027
6.0650	-0.030
6.0700	-0.033
6.0750	-0.036
6.0800	-0.039
6.0850	-0.042
6.0900	-0.046
6.0950	-0.049
6.1000	-0.052
6.1050	-0.053
6.1100	-0.057
6.1150	-0.060
6.1200	-0.063
6.1250	-0.064
6.1300	-0.068
6.1350	-0.071
6.1400	-0.074
6.1450	-0.075
6.1500	-0.079
6.1550	-0.080
6.1600	-0.083
6.1650	-0.085
6.1700	-0.086
6.1750	-0.090
6.1800	-0.091
6.1850	-0.093
6.1900	-0.096
6.1950	-0.097
6.2000	-0.099
6.2050	-0.101
6.2100	-0.102
6.2150	-0.104
6.2200	-0.105
6.2250	-0.107
6.2300	-0.108
6.2350	-0.108
6.2400	-0.110
6.2450	-0.112
6.2500	-0.112
6.2550	-0.113
6.2600	-0.115
6.2650	-0.115
6.2700	-0.116
6.2750	-0.116
6.2800	-0.116
6.2850	-0.116
6.2900	-0.118
6.2950	-0.118
6.3000	-0.118
6.3050	-0.118
6.3100	-0.118
6.3150	-0.118
6.3200	-0.118
6.3250	-0.118
6.3300	-0.118
6.3350	-0.118
6.3400	-0.116
6.3450	-0.116
6.3500	-0.115
6.3550	-0.115
6.3600	-0.113
6.3650	-0.113
6.3700	-0.112
6.3750	-0.110
6.3800	-0.108
6.3850	-0.107
6.3900	-0.107
6.3950	-0.105
6.4000	-0.104
6.4050	-0.102
6.4100	-0.101
6.4150	-0.097
6.4200	-0.096
6.4250	-0.094
6.4300	-0.093
6.4350	-0.090
6.4400	-0.088
6.4450	-0.086
6.4500	-0.083
6.4550	-0.082
6.4600	-0.079
6.4650	-0.077
6.4700	-0.074
6.4750	-0.072
6.4800	-0.069
6.4850	-0.066
6.4900	-0.063
6.4950	-0.061
6.5000	-0.058
6.5050	-0.055
6.5100	-0.052
6.5150	-0.050
6.5200	-0.047
6.5250	-0.044
6.5300	-0.041
6.5350	-0.038
6.5400	-0.035
6.5450	-0.031
6.5500	-0.028
6.5550	-0.025
6.5600	-0.022
6.5650	-0.019
6.5700	-0.016
6.5750	-0.013
6.5800	-0.009
6.5850	-0.006
6.5900	-0.003
6.5950	0.000
6.6000	0.003
6.6050	0.006
6.6100	0.009
6.6150	0.013
6.6200	0.016
6.6250	0.019
6.6300	0.022
6.6350	0.025
6.6400	0.028
6.6450	0.031
6.6500	0.035
6.6550	0.038
6.6600	0.041
6.6650	0.044
6.6700	0.047
6.6750	0.050
6.6800	0.052
6.6850	0.055
6.6900	0.058
6.6950	0.061
6.7000	0.063
6.7050	0.066
6.7100	0.069
6.7150	0.071
6.7200	0.074
6.7250	0.077
6.7300	0.079
6.7350	0.082
6.7400	0.083
6.7450	0.085
6.7500	0.088
6.7550	0.090
6.7600	0.091
6.7650	0.094
6.7700	0.096
6.7750	0.097
6.7800	0.099
6.7850	0.101
6.7900	0.102
6.7950	0.104
6.8000	0.105
6.8050	0.107
6.8100	0.108
6.8150	0.108
6.8200	0.110
6.8250	0.112
6.8300	0.112
6.8350	0.113
6.8400	0.113
6.8450	0.115
6.8500	0.115
6.8550	0.116
6.8600	0.116
6.8650	0.116
6.8700	0.116
6.8750	0.116
6.8800	0.116
6.8850	0.116
6.8900	0.116
6.8950	0.116
6.9000	0.116
6.9050	0.116
6.9100	0.116
6.9150	0.116
6.9200	0.115
6.9250	0.115
6.9300	0.113
6.9350	0.113
6.9400	0.112
6.9450	0.112
6.9500	0.110
6.9550	0.108
6.9600	0.107
6.9650	0.105
6.9700	0.105
6.9750	0.104
6.9800	0.102
6.9850	0.101
6.9900	0.097
6.9950	0.096
7.0000	0.094
7.0050	0.093
7.0100	0.090
7.0150	0.088
7.0200	0.086
7.0250	0.083
7.0300	0.082
7.0350	0.079
7.0400	0.077
7.0450	0.074
7.0500	0.072
7.0550	0.069
7.0600	0.068
7.0650	0.064
7.0700	0.061
7.0750	0.058
7.0800	0.057
7.0850	0.053
7.0900	0.050
7.0950	0.047
7.1000	0.044
7.1050	0.041
7.1100	0.038
7.1150	0.035
7.1200	0.033
7.1250	0.030
7.1300	0.027
7.1350	0.024
7.1400	0.020
7.1450	0.017
7.1500	0.014
7.1550	0.011
7.1600	0.008
7.1650	0.005
7.1700	0.002
7.1750	-0.003
7.1800	-0.005
7.1850	-0.009
7.1900	-0.013
7.1950	-0.016
7.2000	-0.019
7.2050	-0.022
7.2100	-0.025
7.2150	-0.028
7.2200	-0.030
7.2250	-0.033
7.2300	-0.036
7.2350	-0.039
7.2400	-0.042
7.2450	-0.046
7.2500	-0.049
7.2550	-0.052
7.2600	-0.055
7.2650	-0.057
7.2700	-0.060
7.2750	-0.063
7.2800	-0.066
7.2850	-0.068
7.2900	-0.071
7.2950	-0.072
7.3000	-0.075
7.3050	-0.079
7.3100	-0.080
7.3150	-0.082
7.3200	-0.085
7.3250	-0.086
7.3300	-0.090
7.3350	-0.091
7.3400	-0.093
7.3450	-0.094
7.3500	-0.096
7.3550	-0.099
7.3600	-0.101
7.3650	-0.102
7.3700	-0.104
7.3750	-0.105
7.3800	-0.105
7.3850	-0.107
7.3900	-0.108
7.3950	-0.110
7.4000	-0.110
7.4050	-0.112
7.4100	-0.112
7.4150	-0.113
7.4200	-0.113
7.4250	-0.115
7.4300	-0.115
7.4350	-0.115
7.4400	-0.116
7.4450	-0.116
7.4500	-0.116
7.4550	-0.116
7.4600	-0.116
7.4650	-0.116
7.4700	-0.116
7.4750	-0.116
7.4800	-0.116
7.4850	-0.116
7.4900	-0.116
7.4950	-0.115
7.5000	-0.115
7.5050	-0.113
7.5100	-0.113
7.5150	-0.112
7.5200	-0.112
7.5250	-0.110
7.5300	-0.108
7.5350	-0.107
7.5400	-0.107
7.5450	-0.105
7.5500	-0.104
7.5550	-0.102
7.5600	-0.101
7.5650	-0.099
7.5700	-0.097
7.5750	-0.094
7.5800	-0.093
7.5850	-0.091
7.5900	-0.090
7.5950	-0.086
7.6000	-0.085
7.6050	-0.082
7.6100	-0.080
7.6150	-0.077
7.6200	-0.075
7.6250	-0.072
7.6300	-0.071
7.6350	-0.068
7.6400	-0.064
7.6450	-0.063
7.6500	-0.060
7.6550	-0.057
7.6600	-0.053
7.6650	-0.052
7.6700	-0.049
7.6750	-0.046
7.6800	-0.042
7.6850	-0.039
7.6900	-0.036
7.6950	-0.033
7.7000	-0.030
7.7050	-0.027
7.7100	-0.024
7.7150	-0.020
7.7200	-0.017
7.7250	-0.014
7.7300	-0.011
7.7350	-0.008
7.7400	-0.005
7.7450	-0.002
7.7500	0.002
7.7550	0.005
7.7600	0.008
7.7650	0.011
7.7700	0.014
7.7750	0.017
7.7800	0.020
7.7850	0.024
7.7900	0.027
7.7950	0.030
7.8000	0.033
7.8050	0.035
7.8100	0.038
7.8150	0.041
7.8200	0.044
7.8250	0.047
7.8300	0.050
7.8350	0.053
7.8400	0.055
7.8450	0.058
7.8500	0.061
7.8550	0.064
7.8600	0.066
7.8650	0.069
7.8700	0.071
7.8750	0.074
7.8800	0.077
7.8850	0.079
7.8900	0.082
7.8950	0.083
7.9000	0.085
7.9050	0.088
7.9100	0.090
7.9150	0.091
7.9200	0.093
7.9250	0.096
7.9300	0.097
7.9350	0.099
7.9400	0.101
7.9450	0.102
7.9500	0.104
7.9550	0.105
7.9600	0.105
7.9650	0.107
7.9700	0.108
7.9750	0.110
7.9800	0.110
7.9850	0.112
7.9900	0.112
7.9950	0.113
8.0000	0.113
8.0050	0.115
8.0100	0.115
8.0150	0.115
8.0200	0.115
8.0250	0.115
8.0300	0.116
8.0350	0.116
8.0400	0.116
8.0450	0.116
8.0500	0.116
8.0550	0.116
8.0600	0.116
8.0650	0.115
8.0700	0.115
8.0750	0.115
8.0800	0.113
8.0850	0.113
8.0900	0.112
8.0950	0.110
8.1000	0.110
8.1050	0.108
8.1100	0.107
8.1150	0.105
8.1200	0.105
8.1250	0.104
8.1300	0.102
8.1350	0.101
8.1400	0.099
8.1450	0.096
8.1500	0.094
8.1550	0.093
8.1600	0.091
8.1650	0.090
8.1700	0.086
8.1750	0.085
8.1800	0.083
8.1850	0.080
8.1900	0.079
8.1950	0.075
8.2000	0.074
8.2050	0.071
8.2100	0.068
8.2150	0.066
8.2200	0.063
8.2250	0.060
8.2300	0.058
8.2350	0.055
8.2400	0.052
8.2450	0.049
8.2500	0.046
8.2550	0.042
8.2600	0.041
8.2650	0.038
8.2700	0.035
8.2750	0.031
8.2800	0.028
8.2850	0.025
8.2900	0.022
8.2950	0.019
8.3000	0.016
8.3050	0.013
8.3100	0.009
8.3150	0.006
8.3200	0.003
8.3250	0.000
8.3300	-0.003
8.3350	-0.006
8.3400	-0.009
8.3450	-0.013
8.3500	-0.016
8.3550	-0.019
8.3600	-0.022
8.3650	-0.025
8.3700	-0.028
8.3750	-0.031
8.3800	-0.035
8.3850	-0.038
8.3900	-0.039
8.3950	-0.042
8.4000	-0.046
8.4050	-0.049
8.4100	-0.052
8.4150	-0.055
8.4200	-0.057
8.4250	-0.060
8.4300	-0.063
8.4350	-0.066
8.4400	-0.068
8.4450	-0.071
8.4500	-0.072
8.4550	-0.075
8.4600	-0.077
8.4650	-0.080
8.4700	-0.082
8.4750	-0.085
8.4800	-0.086
8.4850	-0.088
8.4900	-0.091
8.4950	-0.093
8.5000	-0.094
8.5050	-0.096
8.5100	-0.097
8.5150	-0.099
8.5200	-0.101
8.5250	-0.102
8.5300	-0.104
8.5350	-0.105
8.5400	-0.107
8.5450	-0.107
8.5500	-0.108
8.5550	-0.110
8.5600	-0.110
8.5650	-0.112
8.5700	-0.112
8.5750	-0.113
8.5800	-0.113
8.5850	-0.115
8.5900	-0.115
8.5950	-0.115
8.6000	-0.115
8.6050	-0.115
8.6100	-0.115
8.6150	-0.115
8.6200	-0.115
8.6250	-0.115
8.6300	-0.115
8.6350	-0.115
8.6400	-0.115
8.6450	-0.115
8.6500	-0.113
8.6550	-0.113
8.6600	-0.113
8.6650	-0.112
8.6700	-0.110
8.6750	-0.110
8.6800	-0.108
8.6850	-0.107
8.6900	-0.107
8.6950	-0.105
8.7000	-0.104
8.7050	-0.102
8.7100	-0.101
8.7150	-0.099
8.7200	-0.097
8.7250	-0.096
8.7300	-0.093
8.7350	-0.091
8.7400	-0.090
8.7450	-0.088
8.7500	-0.085
8.7550	-0.083
8.7600	-0.080
8.7650	-0.079
8.7700	-0.075
8.7750	-0.074
8.7800	-0.071
8.7850	-0.069
8.7900	-0.066
8.7950	-0.063
8.8000	-0.061
8.8050	-0.058
8.8100	-0.055
8.8150	-0.053
8.8200	-0.050
8.8250	-0.047
8.8300	-0.044
8.8350	-0.041
8.8400	-0.038
8.8450	-0.035
8.8500	-0.031
8.8550	-0.030
8.8600	-0.027
8.8650	-0.024
8.8700	-0.020
8.8750	-0.017
8.8800	-0.014
8.8850	-0.011
8.8900	-0.008
8.8950	-0.005
8.9000	-0.002
8.9050	0.002
8.9100	0.005
8.9150	0.008
8.9200	0.011
8.9250	0.014
8.9300	0.017
8.9350	0.020
8.9400	0.024
8.9450	0.027
8.9500	0.030
8.9550	0.033
8.9600	0.036
8.9650	0.039
8.9700	0.041
8.9750	0.044
8.9800	0.047
8.9850	0.050
8.9900	0.053
8.9950	0.055
9.0000	0.058
9.0050	0.061
9.0100	0.064
9.0150	0.066
9.0200	0.069
9.0250	0.071
9.0300	0.074
9.0350	0.075
9.0400	0.079
9.0450	0.080
9.0500	0.083
9.0550	0.085
9.0600	0.086
9.0650	0.090
9.0700	0.091
9.0750	0.093
9.0800	0.094
9.0850	0.096
9.0900	0.097
9.0950	0.099
9.1000	0.101
9.1050	0.102
9.1100	0.104
9.1150	0.105
9.1200	0.107
9.1250	0.107
9.1300	0.108
9.1350	0.110
9.1400	0.110
9.1450	0.112
9.1500	0.112
9.1550	0.113
9.1600	0.113
9.1650	0.113
9.1700	0.113
9.1750	0.115
9.1800	0.115
9.1850	0.115
9.1900	0.115
9.1950	0.115
9.2000	0.115
9.2050	0.115
9.2100	0.115
9.2150	0.115
9.2200	0.113
9.2250	0.113
9.2300	0.113
9.2350	0.112
9.2400	0.112
9.2450	0.110
9.2500	0.108
9.2550	0.108
9.2600	0.107
9.2650	0.105
9.2700	0.104
9.2750	0.104
9.2800	0.102
9.2850	0.101
9.2900	0.099
9.2950	0.097
9.3000	0.096
9.3050	0.093
9.3100	0.091
9.3150	0.090
9.3200	0.088
9.3250	0.085
9.3300	0.083
9.3350	0.082
9.3400	0.079
9.3450	0.077
9.3500	0.074
9.3550	0.072
9.3600	0.069
9.3650	0.066
9.3700	0.064
9.3750	0.061
9.3800	0.058
9.3850	0.057
9.3900	0.053
9.3950	0.050
9.4000	0.047
9.4050	0.046
9.4100	0.042
9.4150	0.039
9.4200	0.036
9.4250	0.033
9.4300	0.030
9.4350	0.027
9.4400	0.024
9.4450	0.020
9.4500	0.017
9.4550	0.014
9.4600	0.011
9.4650	0.008
9.4700	0.005
9.4750	0.002
9.4800	-0.002
9.4850	-0.005
9.4900	-0.006
9.4950	-0.011
9.5000	-0.013
9.5050	-0.016
9.5100	-0.019
9.5150	-0.022
9.5200	-0.025
9.5250	-0.028
9.5300	-0.031
9.5350	-0.035
9.5400	-0.038
9.5450	-0.041
9.5500	-0.044
9.5550	-0.046
9.5600	-0.049
9.5650	-0.052
9.5700	-0.055
9.5750	-0.057
9.5800	-0.060
9.5850	-0.063
9.5900	-0.066
9.5950	-0.068
9.6000	-0.071
9.6050	-0.072
9.6100	-0.075
9.6150	-0.077
9.6200	-0.080
9.6250	-0.082
9.6300	-0.083
9.6350	-0.086
9.6400	-0.088
9.6450	-0.090
9.6500	-0.093
9.6550	-0.094
9.6600	-0.096
9.6650	-0.097
9.6700	-0.099
9.6750	-0.101
9.6800	-0.102
9.6850	-0.104
9.6900	-0.104
9.6950	-0.105
9.7000	-0.107
9.7050	-0.108
9.7100	-0.108
9.7150	-0.110
9.7200	-0.110
9.7250	-0.112
9.7300	-0.112
9.7350	-0.112
9.7400	-0.113
9.7450	-0.113
9.7500	-0.113
9.7550	-0.113
9.7600	-0.113
9.7650	-0.115
9.7700	-0.115
9.7750	-0.115
9.7800	-0.115
9.7850	-0.115
9.7900	-0.115
9.7950	-0.113
9.8000	-0.113
9.8050	-0.113
9.8100	-0.112
9.8150	-0.112
9.8200	-0.110
9.8250	-0.108
9.8300	-0.108
9.8350	-0.107
9.8400	-0.105
9.8450	-0.105
9.8500	-0.104
9.8550	-0.102
9.8600	-0.101
9.8650	-0.099
9.8700	-0.097
9.8750	-0.096
9.8800	-0.094
9.8850	-0.091
9.8900	-0.090
9.8950	-0.088
9.9000	-0.086
9.9050	-0.083
9.9100	-0.082
9.9150	-0.079
9.9200	-0.077
9.9250	-0.075
9.9300	-0.072
9.9350	-0.069
9.9400	-0.068
9.9450	-0.064
9.9500	-0.063
9.9550	-0.060
9.9600	-0.057
9.9650	-0.053
9.9700	-0.052
9.9750	-0.049
9.9800	-0.046
9.9850	-0.042
9.9900	-0.039
9.9950	-0.038
10.0000	-0.035
10.0050	-0.031
10.0100	-0.028
10.0150	-0.025
10.0200	-0.022
10.0250	-0.019
10.0300	-0.016
10.0350	-0.013
10.0400	-0.009
10.0450	-0.006
10.0500	-0.003
10.0550	0.000
10.0600	0.003
10.0650	0.006
10.0700	0.009
10.0750	0.013
10.0800	0.016
10.0850	0.019
10.0900	0.022
10.0950	0.024
10.1000	0.027
10.1050	0.030
10.1100	0.033
10.1150	0.036
10.1200	0.039
10.1250	0.042
10.1300	0.046
10.1350	0.047
10.1400	0.050
10.1450	0.053
10.1500	0.057
10.1550	0.058
10.1600	0.061
10.1650	0.064
10.1700	0.066
10.1750	0.069
10.1800	0.071
10.1850	0.074
10.1900	0.075
10.1950	0.079
10.2000	0.080
10.2050	0.083
10.2100	0.085
10.2150	0.086
10.2200	0.088
10.2250	0.091
10.2300	0.093
10.2350	0.094
10.2400	0.096
10.2450	0.097
10.2500	0.099
10.2550	0.101
10.2600	0.102
10.2650	0.104
10.2700	0.104
10.2750	0.105
10.2800	0.107
10.2850	0.107
10.2900	0.108
10.2950	0.110
10.3000	0.110
10.3050	0.110
10.3100	0.112
10.3150	0.112
10.3200	0.113
10.3250	0.113
10.3300	0.113
10.3350	0.113
10.3400	0.113
10.3450	0.113
10.3500	0.113
10.3550	0.113
10.3600	0.113
10.3650	0.113
10.3700	0.113
10.3750	0.113
10.3800	0.112
10.3850	0.112
10.3900	0.110
10.3950	0.110
10.4000	0.108
10.4050	0.108
10.4100	0.107
10.4150	0.105
10.4200	0.104
10.4250	0.102
10.4300	0.102
10.4350	0.101
10.4400	0.099
10.4450	0.097
10.4500	0.096
10.4550	0.094
10.4600	0.091
10.4650	0.090
10.4700	0.088
10.4750	0.086
10.4800	0.083
10.4850	0.082
10.4900	0.080
10.4950	0.077
10.5000	0.075
10.5050	0.072
10.5100	0.071
10.5150	0.068
10.5200	0.064
10.5250	0.063
10.5300	0.060
10.5350	0.058
10.5400	0.055
10.5450	0.052
10.5500	0.049
10.5550	0.046
10.5600	0.044
10.5650	0.041
10.5700	0.038
10.5750	0.035
10.5800	0.031
10.5850	0.028
10.5900	0.025
10.5950	0.024
10.6000	0.020
10.6050	0.017
10.6100	0.014
10.6150	0.011
10.6200	0.008
10.6250	0.005
10.6300	0.002
10.6350	-0.002
10.6400	-0.005
10.6450	-0.008
10.6500	-0.011
10.6550	-0.014
10.6600	-0.017
10.6650	-0.020
10.6700	-0.024
10.6750	-0.027
10.6800	-0.030
10.6850	-0.031
10.6900	-0.035
10.6950	-0.038
10.7000	-0.041
10.7050	-0.044
10.7100	-0.047
10.7150	-0.049
10.7200	-0.052
10.7250	-0.055
10.7300	-0.058
10.7350	-0.060
10.7400	-0.063
10.7450	-0.066
10.7500	-0.068
10.7550	-0.071
10.7600	-0.072
10.7650	-0.075
10.7700	-0.077
10.7750	-0.080
10.7800	-0.082
10.7850	-0.083
10.7900	-0.086
10.7950	-0.088
10.8000	-0.090
10.8050	-0.091
10.8100	-0.093
10.8150	-0.094
10.8200	-0.096
10.8250	-0.097
10.8300	-0.099
10.8350	-0.101
10.8400	-0.102
10.8450	-0.104
10.8500	-0.105
10.8550	-0.105
10.8600	-0.107
10.8650	-0.108
10.8700	-0.108
10.8750	-0.110
10.8800	-0.110
10.8850	-0.112
10.8900	-0.112
10.8950	-0.112
10.9000	-0.112
10.9050	-0.113
10.9100	-0.113
10.9150	-0.113
10.9200	-0.113
10.9250	-0.113
10.9300	-0.113
10.9350	-0.113
10.9400	-0.113
10.9450	-0.113
10.9500	-0.112
10.9550	-0.112
10.9600	-0.112
10.9650	-0.110
10.9700	-0.110
10.9750	-0.108
10.9800	-0.108
10.9850	-0.107
10.9900	-0.105
10.9950	-0.104
11.0000	-0.104
11.0050	-0.102
11.0100	-0.101
11.0150	-0.099
11.0200	-0.097
11.0250	-0.096
11.0300	-0.094
11.0350	-0.093
11.0400	-0.090
11.0450	-0.088
11.0500	-0.086
11.0550	-0.085
11.0600	-0.082
11.0650	-0.080
11.0700	-0.079
11.0750	-0.075
11.0800	-0.074
11.0850	-0.071
11.0900	-0.069
11.0950	-0.066
11.1000	-0.063
11.1050	-0.061
11.1100	-0.058
11.1150	-0.055
11.1200	-0.053
11.1250	-0.050
11.1300	-0.047
11.1350	-0.044
11.1400	-0.041
11.1450	-0.039
11.1500	-0.036
11.1550	-0.033
11.1600	-0.030
11.1650	-0.027
11.1700	-0.024
11.1750	-0.020
11.1800	-0.017
11.1850	-0.014
11.1900	-0.011
11.1950	-0.009
11.2000	-0.006
11.2050	-0.003
11.2100	0.000
11.2150	0.003
11.2200	0.006
11.2250	0.009
11.2300	0.013
11.2350	0.016
11.2400	0.019
11.2450	0.022
11.2500	0.025
11.2550	0.028
11.2600	0.031
11.2650	0.033
11.2700	0.036
11.2750	0.039
11.2800	0.042
11.2850	0.046
11.2900	0.047
11.2950	0.050
11.3000	0.053
11.3050	0.057
11.3100	0.058
11.3150	0.061
11.3200	0.064
11.3250	0.066
11.3300	0.069
11.3350	0.071
11.3400	0.074
11.3450	0.075
11.3500	0.079
11.3550	0.080
11.3600	0.082
11.3650	0.085
11.3700	0.086
11.3750	0.088
11.3800	0.090
11.3850	0.091
11.3900	0.094
11.3950	0.096
11.4000	0.097
11.4050	0.099
11.4100	0.101
11.4150	0.101
11.4200	0.102
11.4250	0.104
11.4300	0.105
11.4350	0.105
11.4400	0.107
11.4450	0.108
11.4500	0.108
11.4550	0.108
11.4600	0.110
11.4650	0.110
11.4700	0.112
11.4750	0.112
11.4800	0.112
11.4850	0.112
11.4900	0.112
11.4950	0.112
11.5000	0.112
11.5050	0.112
11.5100	0.112
11.5150	0.112
11.5200	0.112
11.5250	0.112
11.5300	0.112
11.5350	0.110
11.5400	0.110
11.5450	0.108
11.5500	0.108
11.5550	0.107
11.5600	0.107
11.5650	0.105
11.5700	0.104
11.5750	0.102
11.5800	0.102
11.5850	0.101
11.5900	0.099
11.5950	0.097
11.6000	0.096
11.6050	0.094
11.6100	0.093
11.6150	0.090
11.6200	0.088
11.6250	0.086
11.6300	0.085
11.6350	0.082
11.6400	0.080
11.6450	0.079
11.6500	0.075
11.6550	0.074
11.6600	0.071
11.6650	0.069
11.6700	0.066
11.6750	0.064
11.6800	0.061
11.6850	0.058
11.6900	0.057
11.6950	0.053
11.7000	0.050
11.7050	0.047
11.7100	0.046
11.7150	0.042
11.7200	0.039
11.7250	0.036
11.7300	0.033
11.7350	0.031
11.7400	0.028
11.7450	0.025
11.7500	0.022
11.7550	0.019
11.7600	0.016
11.7650	0.013
11.7700	0.009
11.7750	0.006
11.7800	0.003
11.7850	0.000
11.7900	-0.003
11.7950	-0.006
11.8000	-0.009
11.8050	-0.011
11.8100	-0.014
11.8150	-0.017
11.8200	-0.020
11.8250	-0.024
11.8300	-0.027
11.8350	-0.030
11.8400	-0.033
11.8450	-0.036
11.8500	-0.038
11.8550	-0.041
11.8600	-0.044
11.8650	-0.047
11.8700	-0.050
11.8750	-0.052
11.8800	-0.055
11.8850	-0.058
11.8900	-0.060
11.8950	-0.063
11.9000	-0.066
11.9050	-0.068
11.9100	-0.071
11.9150	-0.072
11.9200	-0.075
11.9250	-0.077
11.9300	-0.079
11.9350	-0.082
11.9400	-0.083
11.9450	-0.085
11.9500	-0.088
11.9550	-0.090
11.9600	-0.091
11.9650	-0.093
11.9700	-0.094
11.9750	-0.096
11.9800	-0.097
11.9850	-0.099
11.9900	-0.101
11.9950	-0.102
12.0000	-0.102
12.0050	-0.104
12.0100	-0.105
12.0150	-0.105
12.0200	-0.107
12.0250	-0.108
12.0300	-0.108
12.0350	-0.110
12.0400	-0.110
12.0450	-0.110
12.0500	-0.112
12.0550	-0.112
12.0600	-0.112
12.0650	-0.112
12.0700	-0.112
12.0750	-0.112
12.0800	-0.112
12.0850	-0.112
12.0900	-0.112
12.0950	-0.112
12.1000	-0.112
12.1050	-0.112
12.1100	-0.110
12.1150	-0.110
12.1200	-0.108
12.1250	-0.108
12.1300	-0.107
12.1350	-0.107
12.1400	-0.105
12.1450	-0.104
12.1500	-0.104
12.1550	-0.102
12.1600	-0.101
12.1650	-0.099
12.1700	-0.097
12.1750	-0.096
12.1800	-0.094
12.1850	-0.093
12.1900	-0.091
12.1950	-0.088
12.2000	-0.086
12.2050	-0.085
12.2100	-0.083
12.2150	-0.080
12.2200	-0.079
12.2250	-0.077
12.2300	-0.074
12.2350	-0.072
12.2400	-0.069
12.2450	-0.068
12.2500	-0.064
12.2550	-0.061
12.2600	-0.060
12.2650	-0.057
12.2700	-0.053
12.2750	-0.052
12.2800	-0.049
12.2850	-0.046
12.2900	-0.042
12.2950	-0.041
12.3000	-0.038
12.3050	-0.035
12.3100	-0.031
12.3150	-0.028
12.3200	-0.025
12.3250	-0.022
12.3300	-0.020
12.3350	-0.017
12.3400	-0.014
12.3450	-0.011
12.3500	-0.008
12.3550	-0.005
12.3600	-0.002
12.3650	0.002
12.3700	0.005
12.3750	0.008
12.3800	0.011
12.3850	0.014
12.3900	0.016
12.3950	0.019
12.4000	0.022
12.4050	0.025
12.4100	0.028
12.4150	0.031
12.4200	0.035
12.4250	0.038
12.4300	0.039
12.4350	0.042
12.4400	0.046
12.4450	0.049
12.4500	0.050
12.4550	0.053
12.4600	0.057
12.4650	0.058
12.4700	0.061
12.4750	0.064
12.4800	0.066
12.4850	0.069
12.4900	0.071
12.4950	0.074
12.5000	0.075
12.5050	0.079
12.5100	0.080
12.5150	0.082
12.5200	0.083
12.5250	0.086
12.5300	0.088
12.5350	0.090
12.5400	0.091
12.5450	0.093
12.5500	0.094
12.5550	0.096
12.5600	0.097
12.5650	0.099
12.5700	0.101
12.5750	0.102
12.5800	0.102
12.5850	0.104
12.5900	0.105
12.5950	0.105
12.6000	0.107
12.6050	0.107
12.6100	0.108
12.6150	0.108
12.6200	0.110
12.6250	0.110
12.6300	0.110
12.6350	0.110
12.6400	0.110
12.6450	0.110
12.6500	0.110
12.6550	0.110
12.6600	0.110
12.6650	0.110
12.6700	0.110
12.6750	0.110
12.6800	0.110
12.6850	0.110
12.6900	0.108
12.6950	0.108
12.7000	0.108
12.7050	0.107
12.7100	0.105
12.7150	0.105
12.7200	0.104
12.7250	0.102
12.7300	0.102
12.7350	0.101
12.7400	0.099
12.7450	0.097
12.7500	0.096
12.7550	0.094
12.7600	0.093
12.7650	0.091
12.7700	0.090
12.7750	0.086
12.7800	0.085
12.7850	0.083
12.7900	0.082
12.7950	0.079
12.8000	0.077
12.8050	0.074
12.8100	0.072
12.8150	0.069
12.8200	0.068
12.8250	0.064
12.8300	0.063
12.8350	0.060
12.8400	0.057
12.8450	0.055
12.8500	0.052
12.8550	0.049
12.8600	0.047
12.8650	0.044
12.8700	0.041
12.8750	0.038
12.8800	0.035
12.8850	0.033
12.8900	0.030
12.8950	0.027
12.9000	0.024
12.9050	0.020
12.9100	0.017
12.9150	0.014
12.9200	0.011
12.9250	0.008
12.9300	0.006
12.9350	0.003
12.9400	0.000
12.9450	-0.003
12.9500	-0.006
12.9550	-0.009
12.9600	-0.013
12.9650	-0.016
12.9700	-0.019
12.9750	-0.022
12.9800	-0.024
12.9850	-0.027
12.9900	-0.030
12.9950	-0.033
13.0000	-0.036
13.0050	-0.039
13.0100	-0.042
13.0150	-0.044
13.0200	-0.047
13.0250	-0.050
13.0300	-0.052
13.0350	-0.055
13.0400	-0.058
13.0450	-0.060
13.0500	-0.063
13.0550	-0.066
13.0600	-0.068
13.0650	-0.071
13.0700	-0.072
13.0750	-0.075
13.0800	-0.077
13.0850	-0.079
13.0900	-0.082
13.0950	-0.083
13.1000	-0.085
13.1050	-0.086
13.1100	-0.088
13.1150	-0.091
13.1200	-0.093
13.1250	-0.094
13.1300	-0.096
13.1350	-0.097
13.1400	-0.099
13.1450	-0.099
13.1500	-0.101
13.1550	-0.102
13.1600	-0.104
13.1650	-0.104
13.1700	-0.105
13.1750	-0.107
13.1800	-0.107
13.1850	-0.108
13.1900	-0.108
13.1950	-0.108
13.2000	-0.110
13.2050	-0.110
13.2100	-0.110
13.2150	-0.110
13.2200	-0.110
13.2250	-0.110
13.2300	-0.110
13.2350	-0.110
13.2400	-0.110
13.2450	-0.110
13.2500	-0.110
13.2550	-0.110
13.2600	-0.110
13.2650	-0.108
13.2700	-0.108
13.2750	-0.108
13.2800	-0.107
13.2850	-0.105
13.2900	-0.105
13.2950	-0.104
13.3000	-0.102
13.3050	-0.102
13.3100	-0.101
13.3150	-0.099
13.3200	-0.097
13.3250	-0.096
13.3300	-0.094
13.3350	-0.093
13.3400	-0.091
13.3450	-0.090
13.3500	-0.088
13.3550	-0.085
13.3600	-0.083
13.3650	-0.082
13.3700	-0.080
13.3750	-0.077
13.3800	-0.075
13.3850	-0.072
13.3900	-0.071
13.3950	-0.068
13.4000	-0.066
13.4050	-0.063
13.4100	-0.061
13.4150	-0.058
13.4200	-0.055
13.4250	-0.053
13.4300	-0.050
13.4350	-0.047
13.4400	-0.044
13.4450	-0.042
13.4500	-0.039
13.4550	-0.036
13.4600	-0.033
13.4650	-0.030
13.4700	-0.028
13.4750	-0.025
13.4800	-0.022
13.4850	-0.019
13.4900	-0.016
13.4950	-0.013
13.5000	-0.009
13.5050	-0.006
13.5100	-0.003
13.5150	0.000
13.5200	0.002
13.5250	0.005
13.5300	0.008
13.5350	0.011
13.5400	0.014
13.5450	0.017
13.5500	0.020
13.5550	0.024
13.5600	0.027
13.5650	0.028
13.5700	0.031
13.5750	0.035
13.5800	0.038
13.5850	0.041
13.5900	0.042
13.5950	0.046
13.6000	0.049
13.6050	0.052
13.6100	0.053
13.6150	0.057
13.6200	0.058
13.6250	0.061
13.6300	0.064
13.6350	0.066
13.6400	0.069
13.6450	0.071
13.6500	0.074
13.6550	0.075
13.6600	0.077
13.6650	0.080
13.6700	0.082
13.6750	0.083
13.6800	0.085
13.6850	0.088
13.6900	0.090
13.6950	0.091
13.7000	0.093
13.7050	0.094
13.7100	0.096
13.7150	0.097
13.7200	0.099
13.7250	0.101
13.7300	0.101
13.7350	0.102
13.7400	0.104
13.7450	0.104
13.7500	0.105
13.7550	0.105
13.7600	0.107
13.7650	0.107
13.7700	0.108
13.7750	0.108
13.7800	0.108
13.7850	0.108
13.7900	0.110
13.7950	0.110
13.8000	0.110
13.8050	0.110
13.8100	0.110
13.8150	0.110
13.8200	0.110
13.8250	0.110
13.8300	0.110
13.8350	0.108
13.8400	0.108
13.8450	0.108
13.8500	0.107
13.8550	0.107
13.8600	0.105
13.8650	0.105
13.8700	0.104
13.8750	0.102
13.8800	0.101
13.8850	0.101
13.8900	0.099
13.8950	0.097
13.9000	0.096
13.9050	0.094
13.9100	0.093
13.9150	0.091
13.9200	0.090
13.9250	0.088
13.9300	0.085
13.9350	0.083
13.9400	0.082
13.9450	0.080
13.9500	0.077
13.9550	0.075
13.9600	0.072
13.9650	0.071
13.9700	0.069
13.9750	0.066
13.9800	0.063
13.9850	0.061
13.9900	0.058
13.9950	0.057
14.0000	0.053
14.0050	0.050
14.0100	0.049
14.0150	0.046
14.0200	0.042
14.0250	0.039
14.0300	0.038
14.0350	0.035
14.0400	0.031
14.0450	0.028
14.0500	0.025
14.0550	0.022
14.0600	0.020
14.0650	0.017
14.0700	0.014
14.0750	0.011
14.0800	0.008
14.0850	0.005
14.0900	0.002
14.0950	-0.002
14.1000	-0.005
14.1050	-0.008
14.1100	-0.009
14.1150	-0.013
14.1200	-0.016
14.1250	-0.019
14.1300	-0.022
14.1350	-0.025
14.1400	-0.028
14.1450	-0.030
14.1500	-0.033
14.1550	-0.036
14.1600	-0.039
14.1650	-0.042
14.1700	-0.044
14.1750	-0.047
14.1800	-0.050
14.1850	-0.053
14.1900	-0.055
14.1950	-0.058
14.2000	-0.060
14.2050	-0.063
14.2100	-0.066
14.2150	-0.068
14.2200	-0.071
14.2250	-0.072
14.2300	-0.074
14.2350	-0.077
14.2400	-0.079
14.2450	-0.080
14.2500	-0.083
14.2550	-0.085
14.2600	-0.086
14.2650	-0.088
14.2700	-0.090
14.2750	-0.091
14.2800	-0.093
14.2850	-0.094
14.2900	-0.096
14.2950	-0.097
14.3000	-0.099
14.3050	-0.101
14.3100	-0.101
14.3150	-0.102
14.3200	-0.104
14.3250	-0.104
14.3300	-0.105
14.3350	-0.105
14.3400	-0.107
14.3450	-0.107
14.3500	-0.108
14.3550	-0.108
14.3600	-0.108
14.3650	-0.108
14.3700	-0.108
14.3750	-0.108
14.3800	-0.110
14.3850	-0.110
14.3900	-0.110
14.3950	-0.110
14.4000	-0.110
14.4050	-0.110
14.4100	-0.108
14.4150	-0.108
14.4200	-0.107
14.4250	-0.107
14.4300	-0.107
14.4350	-0.105
14.4400	-0.104
14.4450	-0.104
14.4500	-0.102
14.4550	-0.101
14.4600	-0.101
14.4650	-0.099
14.4700	-0.097
14.4750	-0.096
14.4800	-0.094
14.4850	-0.093
14.4900	-0.091
14.4950	-0.090
14.5000	-0.088
14.5050	-0.086
14.5100	-0.083
14.5150	-0.082
14.5200	-0.080
14.5250	-0.079
14.5300	-0.075
14.5350	-0.074
14.5400	-0.071
14.5450	-0.069
14.5500	-0.066
14.5550	-0.064
14.5600	-0.061
14.5650	-0.060
14.5700	-0.057
14.5750	-0.053
14.5800	-0.052
14.5850	-0.049
14.5900	-0.046
14.5950	-0.044
14.6000	-0.041
14.6050	-0.038
14.6100	-0.035
14.6150	-0.031
14.6200	-0.030
14.6250	-0.027
14.6300	-0.024
14.6350	-0.020
14.6400	-0.017
14.6450	-0.014
14.6500	-0.011
14.6550	-0.009
14.6600	-0.006
14.6650	-0.003
14.6700	0.000
14.6750	0.003
14.6800	0.006
14.6850	0.009
14.6900	0.013
14.6950	0.014
14.7000	0.017
14.7050	0.020
14.7100	0.024
14.7150	0.027
14.7200	0.030
14.7250	0.033
14.7300	0.035
14.7350	0.038
14.7400	0.041
14.7450	0.044
14.7500	0.046
14.7550	0.049
14.7600	0.052
14.7650	0.053
14.7700	0.057
14.7750	0.060
14.7800	0.061
14.7850	0.064
14.7900	0.066
14.7950	0.069
14.8000	0.071
14.8050	0.072
14.8100	0.075
14.8150	0.077
14.8200	0.080
14.8250	0.082
14.8300	0.083
14.8350	0.085
14.8400	0.086
14.8450	0.088
14.8500	0.091
14.8550	0.093
14.8600	0.094
14.8650	0.094
14.8700	0.096
14.8750	0.097
14.8800	0.099
14.8850	0.101
14.8900	0.101
14.8950	0.102
14.9000	0.104
14.9050	0.104
14.9100	0.105
14.9150	0.105
14.9200	0.107
14.9250	0.107
14.9300	0.107
14.9350	0.108
14.9400	0.108
14.9450	0.108
14.9500	0.108
14.9550	0.108
14.9600	0.108
14.9650	0.108
14.9700	0.108
14.9750	0.108
14.9800	0.108
14.9850	0.108
14.9900	0.108
14.9950	0.107
15.0000	0.107
15.0050	0.105
15.0100	0.105
15.0150	0.104
15.0200	0.104
15.0250	0.102
15.0300	0.101
15.0350	0.101
15.0400	0.099
15.0450	0.097
15.0500	0.096
15.0550	0.094
15.0600	0.093
15.0650	0.091
15.0700	0.090
15.0750	0.088
15.0800	0.086
15.0850	0.083
15.0900	0.082
15.0950	0.080
15.1000	0.079
15.1050	0.075
15.1100	0.074
15.1150	0.071
15.1200	0.069
15.1250	0.068
15.1300	0.064
15.1350	0.063
15.1400	0.060
15.1450	0.057
15.1500	0.055
15.1550	0.052
15.1600	0.049
15.1650	0.047
15.1700	0.044
15.1750	0.041
15.1800	0.039
15.1850	0.036
15.1900	0.033
15.1950	0.030
15.2000	0.027
15.2050	0.025
15.2100	0.022
15.2150	0.019
15.2200	0.016
15.2250	0.013
15.2300	0.009
15.2350	0.006
15.2400	0.003
15.2450	0.002
15.2500	-0.002
15.2550	-0.005
15.2600	-0.008
15.2650	-0.011
15.2700	-0.014
15.2750	-0.017
15.2800	-0.019
15.2850	-0.022
15.2900	-0.025
15.2950	-0.028
15.3000	-0.031
15.3050	-0.035
15.3100	-0.036
15.3150	-0.039
15.3200	-0.042
15.3250	-0.046
15.3300	-0.047
15.3350	-0.050
15.3400	-0.053
15.3450	-0.055
15.3500	-0.058
15.3550	-0.061
15.3600	-0.063
15.3650	-0.066
15.3700	-0.068
15.3750	-0.069
15.3800	-0.072
15.3850	-0.074
15.3900	-0.077
15.3950	-0.079
15.4000	-0.080
15.4050	-0.082
15.4100	-0.085
15.4150	-0.086
15.4200	-0.088
15.4250	-0.090
15.4300	-0.091
15.4350	-0.093
15.4400	-0.094
15.4450	-0.096
15.4500	-0.097
15.4550	-0.099
15.4600	-0.099
15.4650	-0.101
15.4700	-0.102
15.4750	-0.102
15.4800	-0.104
15.4850	-0.104
15.4900	-0.105
15.4950	-0.105
15.5000	-0.107
15.5050	-0.107
15.5100	-0.107
15.5150	-0.107
15.5200	-0.108
15.5250	-0.108
15.5300	-0.108
15.5350	-0.108
15.5400	-0.108
15.5450	-0.108
15.5500	-0.108
15.5550	-0.108
15.5600	-0.108
15.5650	-0.107
15.5700	-0.107
15.5750	-0.107
15.5800	-0.105
15.5850	-0.105
15.5900	-0.104
15.5950	-0.104
15.6000	-0.102
15.6050	-0.101
15.6100	-0.101
15.6150	-0.099
15.6200	-0.097
15.6250	-0.096
15.6300	-0.094
15.6350	-0.093
15.6400	-0.091
15.6450	-0.090
15.6500	-0.088
15.6550	-0.086
15.6600	-0.085
15.6650	-0.082
15.6700	-0.080
15.6750	-0.079
15.6800	-0.077
15.6850	-0.074
15.6900	-0.072
15.6950	-0.069
15.7000	-0.068
15.7050	-0.066
15.7100	-0.063
15.7150	-0.060
15.7200	-0.058
15.7250	-0.055
15.7300	-0.053
15.7350	-0.050
15.7400	-0.047
15.7450	-0.044
15.7500	-0.042
15.7550	-0.039
15.7600	-0.036
15.7650	-0.035
15.7700	-0.031
15.7750	-0.028
15.7800	-0.025
15.7850	-0.022
15.7900	-0.019
15.7950	-0.017
15.8000	-0.014
15.8050	-0.011
15.8100	-0.008
15.8150	-0.005
15.8200	-0.002
15.8250	0.002
15.8300	0.003
15.8350	0.006
15.8400	0.009
15.8450	0.013
15.8500	0.016
15.8550	0.019
15.8600	0.022
15.8650	0.024
15.8700	0.027
15.8750	0.030
15.8800	0.033
15.8850	0.036
15.8900	0.038
15.8950	0.041
15.9000	0.044
15.9050	0.046
15.9100	0.049
15.9150	0.052
15.9200	0.053
15.9250	0.057
15.9300	0.060
15.9350	0.061
15.9400	0.064
15.9450	0.066
15.9500	0.069
15.9550	0.071
15.9600	0.072
15.9650	0.075
15.9700	0.077
15.9750	0.079
15.9800	0.082
15.9850	0.083
15.9900	0.085
15.9950	0.086
16.0000	0.088
16.0050	0.090
16.0100	0.091
16.0150	0.093
16.0200	0.094
16.0250	0.096
16.0300	0.097
16.0350	0.097
16.0400	0.099
16.0450	0.101
16.0500	0.102
16.0550	0.102
16.0600	0.104
16.0650	0.104
16.0700	0.105
16.0750	0.105
16.0800	0.105
16.0850	0.107
16.0900	0.107
16.0950	0.107
16.1000	0.107
16.1050	0.107
16.1100	0.107
16.1150	0.107
16.1200	0.107
16.1250	0.107
16.1300	0.107
16.1350	0.107
16.1400	0.107
16.1450	0.107
16.1500	0.105
16.1550	0.105
16.1600	0.104
16.1650	0.104
16.1700	0.102
16.1750	0.102
16.1800	0.101
16.1850	0.099
16.1900	0.099
16.1950	0.097
16.2000	0.096
16.2050	0.094
16.2100	0.093
16.2150	0.091
16.2200	0.090
16.2250	0.088
16.2300	0.086
16.2350	0.085
16.2400	0.083
16.2450	0.080
16.2500	0.079
16.2550	0.077
16.2600	0.074
16.2650	0.072
16.2700	0.071
16.2750	0.068
16.2800	0.066
16.2850	0.063
16.2900	0.061
16.2950	0.058
16.3000	0.057
16.3050	0.053
16.3100	0.050
16.3150	0.049
16.3200	0.046
16.3250	0.042
16.3300	0.039
16.3350	0.038
16.3400	0.035
16.3450	0.031
16.3500	0.028
16.3550	0.027
16.3600	0.024
16.3650	0.020
16.3700	0.017
16.3750	0.014
16.3800	0.011
16.3850	0.009
16.3900	0.006
16.3950	0.003
16.4000	0.000
16.4050	-0.003
16.4100	-0.006
16.4150	-0.009
16.4200	-0.011
16.4250	-0.014
16.4300	-0.017
16.4350	-0.020
16.4400	-0.024
16.4450	-0.025
16.4500	-0.028
16.4550	-0.031
16.4600	-0.035
16.4650	-0.038
16.4700	-0.039
16.4750	-0.042
16.4800	-0.046
16.4850	-0.047
16.4900	-0.050
16.4950	-0.053
16.5000	-0.055
16.5050	-0.058
16.5100	-0.060
16.5150	-0.063
16.5200	-0.064
16.5250	-0.068
16.5300	-0.069
16.5350	-0.072
16.5400	-0.074
16.5450	-0.075
16.5500	-0.079
16.5550	-0.080
16.5600	-0.082
16.5650	-0.083
16.5700	-0.085
16.5750	-0.088
16.5800	-0.090
16.5850	-0.091
16.5900	-0.093
16.5950	-0.093
16.6000	-0.094
16.6050	-0.096
16.6100	-0.097
16.6150	-0.099
16.6200	-0.099
16.6250	-0.101
16.6300	-0.102
16.6350	-0.102
16.6400	-0.104
16.6450	-0.104
16.6500	-0.105
16.6550	-0.105
16.6600	-0.105
16.6650	-0.105
16.6700	-0.107
16.6750	-0.107
16.6800	-0.107
16.6850	-0.107
16.6900	-0.107
16.6950	-0.107
16.7000	-0.107
16.7050	-0.107
16.7100	-0.107
16.7150	-0.107
16.7200	-0.105
16.7250	-0.105
16.7300	-0.105
16.7350	-0.104
16.7400	-0.104
16.7450	-0.102
16.7500	-0.102
16.7550	-0.101
16.7600	-0.099
16.7650	-0.097
16.7700	-0.097
16.7750	-0.096
16.7800	-0.094
16.7850	-0.093
16.7900	-0.091
16.7950	-0.090
16.8000	-0.088
16.8050	-0.086
16.8100	-0.085
16.8150	-0.083
16.8200	-0.080
16.8250	-0.079
16.8300	-0.077
16.8350	-0.075
16.8400	-0.072
16.8450	-0.071
16.8500	-0.068
16.8550	-0.066
16.8600	-0.063
16.8650	-0.061
16.8700	-0.058
16.8750	-0.057
16.8800	-0.053
16.8850	-0.052
16.8900	-0.049
16.8950	-0.046
16.9000	-0.044
16.9050	-0.041
16.9100	-0.038
16.9150	-0.035
16.9200	-0.033
16.9250	-0.030
16.9300	-0.027
16.9350	-0.024
16.9400	-0.022
16.9450	-0.019
16.9500	-0.016
16.9550	-0.013
16.9600	-0.009
16.9650	-0.006
16.9700	-0.005
16.9750	-0.002
16.9800	0.002
16.9850	0.005
16.9900	0.008
16.9950	0.011
17.0000	0.014
17.0050	0.016
17.0100	0.019
17.0150	0.022
17.0200	0.025
17.0250	0.028
17.0300	0.030
17.0350	0.033
17.0400	0.036
17.0450	0.039
17.0500	0.041
17.0550	0.044
17.0600	0.047
17.0650	0.049
17.0700	0.052
17.0750	0.053
17.0800	0.057
17.0850	0.060
17.0900	0.061
17.0950	0.064
17.1000	0.066
17.1050	0.068
17.1100	0.071
17.1150	0.072
17.1200	0.075
17.1250	0.077
17.1300	0.079
17.1350	0.080
17.1400	0.082
17.1450	0.085
17.1500	0.086
17.1550	0.088
17.1600	0.090
17.1650	0.091
17.1700	0.093
17.1750	0.094
17.1800	0.094
17.1850	0.096
17.1900	0.097
17.1950	0.099
17.2000	0.099
17.2050	0.101
17.2100	0.101
17.2150	0.102
17.2200	0.102
17.2250	0.104
17.2300	0.104
17.2350	0.104
17.2400	0.105
17.2450	0.105
17.2500	0.105
17.2550	0.105
17.2600	0.105
17.2650	0.105
17.2700	0.105
17.2750	0.105
17.2800	0.105
17.2850	0.105
17.2900	0.105
17.2950	0.105
17.3000	0.105
17.3050	0.104
17.3100	0.104
17.3150	0.102
17.3200	0.102
17.3250	0.101
17.3300	0.101
17.3350	0.099
17.3400	0.097
17.3450	0.096
17.3500	0.096
17.3550	0.094
17.3600	0.093
17.3650	0.091
17.3700	0.090
17.3750	0.088
17.3800	0.086
17.3850	0.085
17.3900	0.083
17.3950	0.080
17.4000	0.079
17.4050	0.077
17.4100	0.075
17.4150	0.072
17.4200	0.071
17.4250	0.069
17.4300	0.066
17.4350	0.064
17.4400	0.061
17.4450	0.060
17.4500	0.057
17.4550	0.055
17.4600	0.052
17.4650	0.049
17.4700	0.047
17.4750	0.044
17.4800	0.041
17.4850	0.039
17.4900	0.036
17.4950	0.033
17.5000	0.030
17.5050	0.028
17.5100	0.025
17.5150	0.022
17.5200	0.019
17.5250	0.016
17.5300	0.014
17.5350	0.011
17.5400	0.008
17.5450	0.005
17.5500	0.002
17.5550	-0.002
17.5600	-0.003
17.5650	-0.006
17.5700	-0.009
17.5750	-0.013
17.5800	-0.016
17.5850	-0.017
17.5900	-0.020
17.5950	-0.024
17.6000	-0.027
17.6050	-0.030
17.6100	-0.031
17.6150	-0.035
17.6200	-0.038
17.6250	-0.041
17.6300	-0.042
17.6350	-0.046
17.6400	-0.049
17.6450	-0.050
17.6500	-0.053
17.6550	-0.055
17.6600	-0.058
17.6650	-0.060
17.6700	-0.063
17.6750	-0.064
17.6800	-0.068
17.6850	-0.069
17.6900	-0.072
17.6950	-0.074
17.7000	-0.075
17.7050	-0.077
17.7100	-0.080
17.7150	-0.082
17.7200	-0.083
17.7250	-0.085
17.7300	-0.086
17.7350	-0.088
17.7400	-0.090
17.7450	-0.091
17.7500	-0.093
17.7550	-0.094
17.7600	-0.096
17.7650	-0.096
17.7700	-0.097
17.7750	-0.099
17.7800	-0.099
17.7850	-0.101
17.7900	-0.102
17.7950	-0.102
17.8000	-0.102
17.8050	-0.104
17.8100	-0.104
17.8150	-0.104
17.8200	-0.105
17.8250	-0.105
17.8300	-0.105
17.8350	-0.105
17.8400	-0.105
17.8450	-0.105
17.8500	-0.105
17.8550	-0.105
17.8600	-0.105
17.8650	-0.105
17.8700	-0.105
17.8750	-0.105
17.8800	-0.104
17.8850	-0.104
17.8900	-0.102
17.8950	-0.102
17.9000	-0.101
17.9050	-0.101
17.9100	-0.099
17.9150	-0.097
17.9200	-0.097
17.9250	-0.096
17.9300	-0.094
17.9350	-0.093
17.9400	-0.091
17.9450	-0.090
17.9500	-0.088
17.9550	-0.086
17.9600	-0.085
17.9650	-0.083
17.9700	-0.082
17.9750	-0.079
17.9800	-0.077
17.9850	-0.075
17.9900	-0.074
17.9950	-0.071
18.0000	-0.069
18.0050	-0.068
18.0100	-0.064
18.0150	-0.063
18.0200	-0.060
18.0250	-0.058
18.0300	-0.055
18.0350	-0.052
18.0400	-0.050
18.0450	-0.047
18.0500	-0.044
18.0550	-0.042
18.0600	-0.039
18.0650	-0.036
18.0700	-0.035
18.0750	-0.031
18.0800	-0.028
18.0850	-0.025
18.0900	-0.024
18.0950	-0.020
18.1000	-0.017
18.1050	-0.014
18.1100	-0.011
18.1150	-0.009
18.1200	-0.006
18.1250	-0.003
18.1300	0.000
18.1350	0.003
18.1400	0.006
18.1450	0.008
18.1500	0.011
18.1550	0.014
18.1600	0.017
18.1650	0.020
18.1700	0.022
18.1750	0.025
18.1800	0.028
18.1850	0.031
18.1900	0.033
18.1950	0.036
18.2000	0.039
18.2050	0.041
18.2100	0.044
18.2150	0.047
18.2200	0.049
18.2250	0.052
18.2300	0.053
18.2350	0.057
18.2400	0.060
18.2450	0.061
18.2500	0.063
18.2550	0.066
18.2600	0.068
18.2650	0.071
18.2700	0.072
18.2750	0.074
18.2800	0.077
18.2850	0.079
18.2900	0.080
18.2950	0.082
18.3000	0.083
18.3050	0.085
18.3100	0.086
18.3150	0.088
18.3200	0.090
18.3250	0.091
18.3300	0.093
18.3350	0.094
18.3400	0.096
18.3450	0.096
18.3500	0.097
18.3550	0.099
18.3600	0.099
18.3650	0.101
18.3700	0.101
18.3750	0.102
18.3800	0.102
18.3850	0.104
18.3900	0.104
18.3950	0.104
18.4000	0.104
18.4050	0.104
18.4100	0.104
18.4150	0.105
18.4200	0.105
18.4250	0.105
18.4300	0.105
18.4350	0.105
18.4400	0.105
18.4450	0.104
18.4500	0.104
18.4550	0.104
18.4600	0.102
18.4650	0.102
18.4700	0.101
18.4750	0.101
18.4800	0.099
18.4850	0.099
18.4900	0.097
18.4950	0.096
18.5000	0.096
18.5050	0.094
18.5100	0.093
18.5150	0.091
18.5200	0.090
18.5250	0.088
18.5300	0.086
18.5350	0.085
18.5400	0.083
18.5450	0.082
18.5500	0.080
18.5550	0.077
18.5600	0.075
18.5650	0.074
18.5700	0.071
18.5750	0.069
18.5800	0.068
18.5850	0.064
18.5900	0.063
18.5950	0.060
18.6000	0.058
18.6050	0.055
18.6100	0.053
18.6150	0.050
18.6200	0.047
18.6250	0.046
18.6300	0.042
18.6350	0.039
18.6400	0.038
18.6450	0.035
18.6500	0.031
18.6550	0.030
18.6600	0.027
18.6650	0.024
18.6700	0.020
18.6750	0.019
18.6800	0.016
18.6850	0.013
18.6900	0.009
18.6950	0.006
18.7000	0.005
18.7050	0.002
18.7100	-0.002
18.7150	-0.005
18.7200	-0.008
18.7250	-0.011
18.7300	-0.013
18.7350	-0.016
18.7400	-0.019
18.7450	-0.022
18.7500	-0.024
18.7550	-0.027
18.7600	-0.030
18.7650	-0.033
18.7700	-0.035
18.7750	-0.038
18.7800	-0.041
18.7850	-0.042
18.7900	-0.046
18.7950	-0.049
18.8000	-0.050
18.8050	-0.053
18.8100	-0.055
18.8150	-0.058
18.8200	-0.060
18.8250	-0.063
18.8300	-0.064
18.8350	-0.068
18.8400	-0.069
18.8450	-0.071
18.8500	-0.074
18.8550	-0.075
18.8600	-0.077
18.8650	-0.079
18.8700	-0.082
18.8750	-0.083
18.8800	-0.085
18.8850	-0.086
18.8900	-0.088
18.8950	-0.090
18.9000	-0.091
18.9050	-0.093
18.9100	-0.093
18.9150	-0.094
18.9200	-0.096
18.9250	-0.097
18.9300	-0.097
18.9350	-0.099
18.9400	-0.099
18.9450	-0.101
18.9500	-0.101
18.9550	-0.102
18.9600	-0.102
18.9650	-0.102
18.9700	-0.104
18.9750	-0.104
18.9800	-0.104
18.9850	-0.104
18.9900	-0.104
18.9950	-0.104
19.0000	-0.104
19.0050	-0.104
19.0100	-0.104
19.0150	-0.104
19.0200	-0.104
19.0250	-0.104
19.0300	-0.104
19.0350	-0.102
19.0400	-0.102
19.0450	-0.101
19.0500	-0.101
19.0550	-0.099
19.0600	-0.099
19.0650	-0.097
19.0700	-0.096
19.0750	-0.096
19.0800	-0.094
19.0850	-0.093
19.0900	-0.091
19.0950	-0.090
19.1000	-0.088
19.1050	-0.086
19.1100	-0.085
19.1150	-0.083
19.1200	-0.082
19.1250	-0.080
19.1300	-0.079
19.1350	-0.075
19.1400	-0.074
19.1450	-0.072
19.1500	-0.069
19.1550	-0.068
19.1600	-0.066
19.1650	-0.063
19.1700	-0.061
19.1750	-0.058
19.1800	-0.057
19.1850	-0.053
19.1900	-0.050
19.1950	-0.049
19.2000	-0.046
19.2050	-0.044
19.2100	-0.041
19.2150	-0.038
19.2200	-0.036
19.2250	-0.033
19.2300	-0.030
19.2350	-0.027
19.2400	-0.025
19.2450	-0.022
19.2500	-0.019
19.2550	-0.016
19.2600	-0.014
19.2650	-0.011
19.2700	-0.008
19.2750	-0.005
19.2800	-0.002
19.2850	0.000
19.2900	0.003
19.2950	0.006
19.3000	0.009
19.3050	0.013
19.3100	0.014
19.3150	0.017
19.3200	0.020
19.3250	0.024
19.3300	0.025
19.3350	0.028
19.3400	0.031
19.3450	0.035
19.3500	0.036
19.3550	0.039
19.3600	0.042
19.3650	0.044
19.3700	0.047
19.3750	0.049
19.3800	0.052
19.3850	0.053
19.3900	0.057
19.3950	0.060
19.4000	0.061
19.4050	0.063
19.4100	0.066
19.4150	0.068
19.4200	0.071
19.4250	0.072
19.4300	0.074
19.4350	0.075
19.4400	0.079
19.4450	0.080
19.4500	0.082
19.4550	0.083
19.4600	0.085
19.4650	0.086
19.4700	0.088
19.4750	0.090
19.4800	0.091
19.4850	0.093
19.4900	0.093
19.4950	0.094
19.5000	0.096
19.5050	0.097
19.5100	0.097
19.5150	0.099
19.5200	0.099
19.5250	0.101
19.5300	0.101
19.5350	0.101
19.5400	0.102
19.5450	0.102
19.5500	0.102
19.5550	0.102
19.5600	0.104
19.5650	0.104
19.5700	0.104
19.5750	0.104
19.5800	0.104
19.5850	0.104
19.5900	0.104
19.5950	0.104
19.6000	0.104
19.6050	0.102
19.6100	0.102
19.6150	0.102
19.6200	0.101
19.6250	0.101
19.6300	0.099
19.6350	0.097
19.6400	0.097
19.6450	0.096
19.6500	0.094
19.6550	0.094
19.6600	0.093
19.6650	0.091
19.6700	0.090
19.6750	0.088
19.6800	0.086
19.6850	0.085
19.6900	0.083
19.6950	0.082
19.7000	0.080
19.7050	0.077
19.7100	0.075
19.7150	0.074
19.7200	0.072
19.7250	0.069
19.7300	0.068
19.7350	0.066
19.7400	0.063
19.7450	0.061
19.7500	0.058
19.7550	0.057
19.7600	0.053
19.7650	0.052
19.7700	0.049
19.7750	0.047
19.7800	0.044
19.7850	0.041
19.7900	0.039
19.7950	0.036
19.8000	0.033
19.8050	0.031
19.8100	0.028
19.8150	0.025
19.8200	0.022
19.8250	0.020
19.8300	0.017
19.8350	0.014
19.8400	0.011
19.8450	0.009
19.8500	0.006
19.8550	0.003
19.8600	0.000
19.8650	-0.003
19.8700	-0.005
19.8750	-0.008
19.8800	-0.011
19.8850	-0.014
19.8900	-0.016
19.8950	-0.019
19.9000	-0.022
19.9050	-0.025
19.9100	-0.027
19.9150	-0.030
19.9200	-0.033
19.9250	-0.036
19.9300	-0.038
19.9350	-0.041
19.9400	-0.042
19.9450	-0.046
19.9500	-0.049
19.9550	-0.050
19.9600	-0.053
19.9650	-0.055
19.9700	-0.058
19.9750	-0.060
19.9800	-0.063
19.9850	-0.064
19.9900	-0.068
19.9950	-0.069
20.0000	-0.071
20.0050	-0.074
20.0100	-0.075
20.0150	-0.077
20.0200	-0.079
20.0250	-0.080
20.0300	-0.082
20.0350	-0.083
20.0400	-0.085
20.0450	-0.086
20.0500	-0.088
20.0550	-0.090
20.0600	-0.091
20.0650	-0.093
20.0700	-0.094
20.0750	-0.094
20.0800	-0.096
20.0850	-0.097
20.0900	-0.097
20.0950	-0.099
20.1000	-0.099
20.1050	-0.101
20.1100	-0.101
20.1150	-0.101
20.1200	-0.102
20.1250	-0.102
20.1300	-0.102
20.1350	-0.102
20.1400	-0.102
20.1450	-0.102
20.1500	-0.102
20.1550	-0.102
20.1600	-0.102
20.1650	-0.102
20.1700	-0.102
20.1750	-0.102
20.1800	-0.102
20.1850	-0.102
20.1900	-0.101
20.1950	-0.101
20.2000	-0.099
20.2050	-0.099
20.2100	-0.097
20.2150	-0.097
20.2200	-0.096
20.2250	-0.094
20.2300	-0.094
20.2350	-0.093
20.2400	-0.091
20.2450	-0.090
20.2500	-0.088
20.2550	-0.086
20.2600	-0.085
20.2650	-0.083
20.2700	-0.082
20.2750	-0.080
20.2800	-0.079
20.2850	-0.077
20.2900	-0.074
20.2950	-0.072
20.3000	-0.071
20.3050	-0.068
20.3100	-0.066
20.3150	-0.064
20.3200	-0.061
20.3250	-0.060
20.3300	-0.057
20.3350	-0.055
20.3400	-0.052
20.3450	-0.050
20.3500	-0.047
20.3550	-0.044
20.3600	-0.042
20.3650	-0.039
20.3700	-0.038
20.3750	-0.035
20.3800	-0.031
20.3850	-0.028
20.3900	-0.027
20.3950	-0.024
20.4000	-0.020
20.4050	-0.017
20.4100	-0.016
20.4150	-0.013
20.4200	-0.009
20.4250	-0.006
20.4300	-0.005
20.4350	-0.002
20.4400	0.002
20.4450	0.005
20.4500	0.006
20.4550	0.009
20.4600	0.013
20.4650	0.016
20.4700	0.019
20.4750	0.020
20.4800	0.024
20.4850	0.027
20.4900	0.028
20.4950	0.031
20.5000	0.035
20.5050	0.036
20.5100	0.039
20.5150	0.042
20.5200	0.044
20.5250	0.047
20.5300	0.050
20.5350	0.052
20.5400	0.055
20.5450	0.057
20.5500	0.058
20.5550	0.061
20.5600	0.063
20.5650	0.066
20.5700	0.068
20.5750	0.069
20.5800	0.072
20.5850	0.074
20.5900	0.075
20.5950	0.077
20.6000	0.079
20.6050	0.082
20.6100	0.083
20.6150	0.085
20.6200	0.086
20.6250	0.088
20.6300	0.088
20.6350	0.090
20.6400	0.091
20.6450	0.093
20.6500	0.094
20.6550	0.094
20.6600	0.096
20.6650	0.097
20.6700	0.097
20.6750	0.099
20.6800	0.099
20.6850	0.099
20.6900	0.101
20.6950	0.101
20.7000	0.101
20.7050	0.102
20.7100	0.102
20.7150	0.102
20.7200	0.102
20.7250	0.102
20.7300	0.102
20.7350	0.102
20.7400	0.102
20.7450	0.102
20.7500	0.102
20.7550	0.102
20.7600	0.101
20.7650	0.101
20.7700	0.101
20.7750	0.099
20.7800	0.099
20.7850	0.097
20.7900	0.096
20.7950	0.096
20.8000	0.094
20.8050	0.093
20.8100	0.093
20.8150	0.091
20.8200	0.090
20.8250	0.088
20.8300	0.086
20.8350	0.085
20.8400	0.083
20.8450	0.082
20.8500	0.080
20.8550	0.079
20.8600	0.077
20.8650	0.074
20.8700	0.072
20.8750	0.071
20.8800	0.069
20.8850	0.066
20.8900	0.064
20.8950	0.061
20.9000	0.060
20.9050	0.058
20.9100	0.055
20.9150	0.052
20.9200	0.050
20.9250	0.047
20.9300	0.046
20.9350	0.042
20.9400	0.041
20.9450	0.038
20.9500	0.035
20.9550	0.033
20.9600	0.030
20.9650	0.027
20.9700	0.024
20.9750	0.022
20.9800	0.019
20.9850	0.016
20.9900	0.014
20.9950	0.011
21.0000	0.008
21.0050	0.005
21.0100	0.002
21.0150	0.000
21.0200	-0.003
21.0250	-0.006
21.0300	-0.009
21.0350	-0.011
21.0400	-0.014
21.0450	-0.017
21.0500	-0.020
21.0550	-0.022
21.0600	-0.025
21.0650	-0.028
21.0700	-0.030
21.0750	-0.033
21.0800	-0.036
21.0850	-0.038
21.0900	-0.041
21.0950	-0.044
21.1000	-0.046
21.1050	-0.049
21.1100	-0.050
21.1150	-0.053
21.1200	-0.055
21.1250	-0.058
21.1300	-0.060
21.1350	-0.063
21.1400	-0.064
21.1450	-0.068
21.1500	-0.069
21.1550	-0.071
21.1600	-0.072
21.1650	-0.075
21.1700	-0.077
21.1750	-0.079
21.1800	-0.080
21.1850	-0.082
21.1900	-0.083
21.1950	-0.085
21.2000	-0.086
21.2050	-0.088
21.2100	-0.090
21.2150	-0.091
21.2200	-0.091
21.2250	-0.093
21.2300	-0.094
21.2350	-0.094
21.2400	-0.096
21.2450	-0.097
21.2500	-0.097
21.2550	-0.099
21.2600	-0.099
21.2650	-0.099
21.2700	-0.101
21.2750	-0.101
21.2800	-0.101
21.2850	-0.101
21.2900	-0.102
21.2950	-0.102
21.3000	-0.102
21.3050	-0.102
21.3100	-0.102
21.3150	-0.102
21.3200	-0.102
21.3250	-0.102
21.3300	-0.101
21.3350	-0.101
21.3400	-0.101
21.3450	-0.099
21.3500	-0.099
21.3550	-0.099
21.3600	-0.097
21.3650	-0.096
21.3700	-0.096
21.3750	-0.094
21.3800	-0.093
21.3850	-0.093
21.3900	-0.091
21.3950	-0.090
21.4000	-0.088
21.4050	-0.086
21.4100	-0.085
21.4150	-0.083
21.4200	-0.082
21.4250	-0.080
21.4300	-0.079
21.4350	-0.077
21.4400	-0.075
21.4450	-0.072
21.4500	-0.071
21.4550	-0.069
21.4600	-0.066
21.4650	-0.064
21.4700	-0.063
21.4750	-0.060
21.4800	-0.058
21.4850	-0.055
21.4900	-0.053
21.4950	-0.050
21.5000	-0.049
21.5050	-0.046
21.5100	-0.044
21.5150	-0.041
21.5200	-0.038
21.5250	-0.036
21.5300	-0.033
21.5350	-0.030
21.5400	-0.028
21.5450	-0.025
21.5500	-0.022
21.5550	-0.019
21.5600	-0.017
21.5650	-0.014
21.5700	-0.011
21.5750	-0.009
21.5800	-0.006
21.5850	-0.003
21.5900	0.000
21.5950	0.002
21.6000	0.005
21.6050	0.008
21.6100	0.011
21.6150	0.013
21.6200	0.016
21.6250	0.019
21.6300	0.022
21.6350	0.024
21.6400	0.027
21.6450	0.030
21.6500	0.031
21.6550	0.035
21.6600	0.038
21.6650	0.039
21.6700	0.042
21.6750	0.044
21.6800	0.047
21.6850	0.050
21.6900	0.052
21.6950	0.055
21.7000	0.057
21.7050	0.060
21.7100	0.061
21.7150	0.063
21.7200	0.066
21.7250	0.068
21.7300	0.069
21.7350	0.072
21.7400	0.074
21.7450	0.075
21.7500	0.077
21.7550	0.079
21.7600	0.080
21.7650	0.082
21.7700	0.083
21.7750	0.085
21.7800	0.086
21.7850	0.088
21.7900	0.090
21.7950	0.091
21.8000	0.091
21.8050	0.093
21.8100	0.094
21.8150	0.094
21.8200	0.096
21.8250	0.096
21.8300	0.097
21.8350	0.097
21.8400	0.099
21.8450	0.099
21.8500	0.099
21.8550	0.101
21.8600	0.101
21.8650	0.101
21.8700	0.101
21.8750	0.101
21.8800	0.101
21.8850	0.101
21.8900	0.101
21.8950	0.101
21.9000	0.101
21.9050	0.101
21.9100	0.101
21.9150	0.099
21.9200	0.099
21.9250	0.099
21.9300	0.097
21.9350	0.097
21.9400	0.096
21.9450	0.096
21.9500	0.094
21.9550	0.093
21.9600	0.091
21.9650	0.091
21.9700	0.090
21.9750	0.088
21.9800	0.086
21.9850	0.085
21.9900	0.083
21.9950	0.082
22.0000	0.080
22.0050	0.079
22.0100	0.077
22.0150	0.075
22.0200	0.072
22.0250	0.071
22.0300	0.069
22.0350	0.068
22.0400	0.064
22.0450	0.063
22.0500	0.060
22.0550	0.058
22.0600	0.057
22.0650	0.053
22.0700	0.052
22.0750	0.049
22.0800	0.046
22.0850	0.044
22.0900	0.041
22.0950	0.039
22.1000	0.036
22.1050	0.033
22.1100	0.031
22.1150	0.028
22.1200	0.025
22.1250	0.024
22.1300	0.020
22.1350	0.017
22.1400	0.016
22.1450	0.013
22.1500	0.009
22.1550	0.006
22.1600	0.005
22.1650	0.002
22.1700	-0.002
22.1750	-0.005
22.1800	-0.006
22.1850	-0.009
22.1900	-0.013
22.1950	-0.016
22.2000	-0.017
22.2050	-0.020
22.2100	-0.024
22.2150	-0.025
22.2200	-0.028
22.2250	-0.031
22.2300	-0.033
22.2350	-0.036
22.2400	-0.039
22.2450	-0.041
22.2500	-0.044
22.2550	-0.046
22.2600	-0.049
22.2650	-0.052
22.2700	-0.053
22.2750	-0.055
22.2800	-0.058
22.2850	-0.060
22.2900	-0.063
22.2950	-0.064
22.3000	-0.066
22.3050	-0.069
22.3100	-0.071
22.3150	-0.072
22.3200	-0.074
22.3250	-0.077
22.3300	-0.079
22.3350	-0.080
22.3400	-0.082
22.3450	-0.083
22.3500	-0.085
22.3550	-0.086
22.3600	-0.088
22.3650	-0.088
22.3700	-0.090
22.3750	-0.091
22.3800	-0.093
22.3850	-0.093
22.3900	-0.094
22.3950	-0.096
22.4000	-0.096
22.4050	-0.097
22.4100	-0.097
22.4150	-0.097
22.4200	-0.099
22.4250	-0.099
22.4300	-0.099
22.4350	-0.099
22.4400	-0.101
22.4450	-0.101
22.4500	-0.101
22.4550	-0.101
22.4600	-0.101
22.4650	-0.101
22.4700	-0.101
22.4750	-0.101
22.4800	-0.101
22.4850	-0.101
22.4900	-0.099
22.4950	-0.099
22.5000	-0.099
22.5050	-0.097
22.5100	-0.097
22.5150	-0.096
22.5200	-0.094
22.5250	-0.094
22.5300	-0.093
22.5350	-0.091
22.5400	-0.091
22.5450	-0.090
22.5500	-0.088
22.5550	-0.086
22.5600	-0.085
22.5650	-0.083
22.5700	-0.082
22.5750	-0.080
22.5800	-0.079
22.5850	-0.077
22.5900	-0.075
22.5950	-0.074
22.6000	-0.071
22.6050	-0.069
22.6100	-0.068
22.6150	-0.066
22.6200	-0.063
22.6250	-0.061
22.6300	-0.058
22.6350	-0.057
22.6400	-0.053
22.6450	-0.052
22.6500	-0.049
22.6550	-0.047
22.6600	-0.044
22.6650	-0.042
22.6700	-0.039
22.6750	-0.038
22.6800	-0.035
22.6850	-0.031
22.6900	-0.030
22.6950	-0.027
22.7000	-0.024
22.7050	-0.022
22.7100	-0.019
22.7150	-0.016
22.7200	-0.013
22.7250	-0.011
22.7300	-0.008
22.7350	-0.005
22.7400	-0.002
22.7450	0.000
22.7500	0.003
22.7550	0.006
22.7600	0.008
22.7650	0.011
22.7700	0.014
22.7750	0.017
22.7800	0.019
22.7850	0.022
22.7900	0.025
22.7950	0.027
22.8000	0.030
22.8050	0.033
22.8100	0.035
22.8150	0.038
22.8200	0.041
22.8250	0.042
22.8300	0.046
22.8350	0.047
22.8400	0.050
22.8450	0.052
22.8500	0.055
22.8550	0.057
22.8600	0.060
22.8650	0.061
22.8700	0.063
22.8750	0.066
22.8800	0.068
22.8850	0.069
22.8900	0.071
22.8950	0.074
22.9000	0.075
22.9050	0.077
22.9100	0.079
22.9150	0.080
22.9200	0.082
22.9250	0.083
22.9300	0.085
22.9350	0.086
22.9400	0.088
22.9450	0.088
22.9500	0.090
22.9550	0.091
22.9600	0.093
22.9650	0.093
22.9700	0.094
22.9750	0.094
22.9800	0.096
22.9850	0.096
22.9900	0.097
22.9950	0.097
23.0000	0.097
23.0050	0.099
23.0100	0.099
23.0150	0.099
23.0200	0.099
23.0250	0.099
23.0300	0.099
23.0350	0.099
23.0400	0.099
23.0450	0.099
23.0500	0.099
23.0550	0.099
23.0600	0.099
23.0650	0.099
23.0700	0.099
23.0750	0.097
23.0800	0.097
23.0850	0.096
23.0900	0.096
23.0950	0.094
23.1000	0.094
23.1050	0.093
23.1100	0.091
23.1150	0.090
23.1200	0.090
23.1250	0.088
23.1300	0.086
23.1350	0.085
23.1400	0.083
23.1450	0.082
23.1500	0.080
23.1550	0.079
23.1600	0.077
23.1650	0.075
23.1700	0.074
23.1750	0.071
23.1800	0.069
23.1850	0.068
23.1900	0.066
23.1950	0.063
23.2000	0.061
23.2050	0.058
23.2100	0.057
23.2150	0.055
23.2200	0.052
23.2250	0.050
23.2300	0.047
23.2350	0.046
23.2400	0.042
23.2450	0.039
23.2500	0.038
23.2550	0.035
23.2600	0.033
23.2650	0.030
23.2700	0.027
23.2750	0.025
23.2800	0.022
23.2850	0.019
23.2900	0.017
23.2950	0.014
23.3000	0.011
23.3050	0.008
23.3100	0.006
23.3150	0.003
23.3200	0.000
23.3250	-0.002
23.3300	-0.005
23.3350	-0.008
23.3400	-0.011
23.3450	-0.013
23.3500	-0.016
23.3550	-0.019
23.3600	-0.020
23.3650	-0.024
23.3700	-0.027
23.3750	-0.028
23.3800	-0.031
23.3850	-0.035
23.3900	-0.036
23.3950	-0.039
23.4000	-0.042
23.4050	-0.044
23.4100	-0.047
23.4150	-0.049
23.4200	-0.052
23.4250	-0.053
23.4300	-0.057
23.4350	-0.058
23.4400	-0.060
23.4450	-0.063
23.4500	-0.064
23.4550	-0.066
23.4600	-0.069
23.4650	-0.071
23.4700	-0.072
23.4750	-0.074
23.4800	-0.075
23.4850	-0.077
23.4900	-0.080
23.4950	-0.082
23.5000	-0.082
23.5050	-0.083
23.5100	-0.085
23.5150	-0.086
23.5200	-0.088
23.5250	-0.090
23.5300	-0.091
23.5350	-0.091
23.5400	-0.093
23.5450	-0.093
23.5500	-0.094
23.5550	-0.096
23.5600	-0.096
23.5650	-0.096
23.5700	-0.097
23.5750	-0.097
23.5800	-0.097
23.5850	-0.099
23.5900	-0.099
23.5950	-0.099
23.6000	-0.099
23.6050	-0.099
23.6100	-0.099
23.6150	-0.099
23.6200	-0.099
23.6250	-0.099
23.6300	-0.099
23.6350	-0.099
23.6400	-0.099
23.6450	-0.097
23.6500	-0.097
23.6550	-0.097
23.6600	-0.096
23.6650	-0.096
23.6700	-0.094
23.6750	-0.094
23.6800	-0.093
23.6850	-0.091
23.6900	-0.091
23.6950	-0.090
23.7000	-0.088
23.7050	-0.086
23.7100	-0.085
23.7150	-0.083
23.7200	-0.082
23.7250	-0.080
23.7300	-0.079
23.7350	-0.077
23.7400	-0.075
23.7450	-0.074
23.7500	-0.072
23.7550	-0.069
23.7600	-0.068
23.7650	-0.066
23.7700	-0.064
23.7750	-0.061
23.7800	-0.060
23.7850	-0.057
23.7900	-0.055
23.7950	-0.053
23.8000	-0.050
23.8050	-0.049
23.8100	-0.046
23.8150	-0.044
23.8200	-0.041
23.8250	-0.038
23.8300	-0.036
23.8350	-0.033
23.8400	-0.030
23.8450	-0.028
23.8500	-0.025
23.8550	-0.022
23.8600	-0.020
23.8650	-0.017
23.8700	-0.014
23.8750	-0.013
23.8800	-0.009
23.8850	-0.006
23.8900	-0.005
23.8950	-0.002
23.9000	0.002
23.9050	0.005
23.9100	0.006
23.9150	0.009
23.9200	0.013
23.9250	0.014
23.9300	0.017
23.9350	0.020
23.9400	0.022
23.9450	0.025
23.9500	0.028
23.9550	0.030
23.9600	0.033
23.9650	0.036
23.9700	0.038
23.9750	0.041
23.9800	0.042
23.9850	0.046
23.9900	0.047
23.9950	0.050
24.0000	0.052
24.0050	0.055
24.0100	0.057
24.0150	0.060
24.0200	0.061
24.0250	0.063
24.0300	0.066
24.0350	0.068
24.0400	0.069
24.0450	0.071
24.0500	0.072
24.0550	0.075
24.0600	0.077
24.0650	0.079
24.0700	0.080
24.0750	0.082
24.0800	0.083
24.0850	0.085
24.0900	0.085
24.0950	0.086
24.1000	0.088
24.1050	0.090
24.1100	0.091
24.1150	0.091
24.1200	0.093
24.1250	0.093
24.1300	0.094
24.1350	0.094
24.1400	0.096
24.1450	0.096
24.1500	0.097
24.1550	0.097
24.1600	0.097
24.1650	0.097
24.1700	0.097
24.1750	0.099
24.1800	0.099
24.1850	0.099
24.1900	0.099
24.1950	0.099
24.2000	0.099
24.2050	0.099
24.2100	0.099
24.2150	0.097
24.2200	0.097
24.2250	0.097
24.2300	0.096
24.2350	0.096
24.2400	0.094
24.2450	0.094
24.2500	0.093
24.2550	0.093
24.2600	0.091
24.2650	0.090
24.2700	0.090
24.2750	0.088
24.2800	0.086
24.2850	0.085
24.2900	0.083
24.2950	0.082
24.3000	0.080
24.3050	0.079
24.3100	0.077
24.3150	0.075
24.3200	0.074
24.3250	0.072
24.3300	0.071
24.3350	0.068
24.3400	0.066
24.3450	0.064
24.3500	0.061
24.3550	0.060
24.3600	0.058
24.3650	0.055
24.3700	0.053
24.3750	0.050
24.3800	0.049
24.3850	0.046
24.3900	0.044
24.3950	0.041
24.4000	0.039
24.4050	0.036
24.4100	0.033
24.4150	0.031
24.4200	0.028
24.4250	0.027
24.4300	0.024
24.4350	0.020
24.4400	0.019
24.4450	0.016
24.4500	0.013
24.4550	0.011
24.4600	0.008
24.4650	0.005
24.4700	0.002
24.4750	0.000
24.4800	-0.003
24.4850	-0.006
24.4900	-0.008
24.4950	-0.011
24.5000	-0.014
24.5050	-0.017
24.5100	-0.019
24.5150	-0.022
24.5200	-0.024
24.5250	-0.027
24.5300	-0.030
24.5350	-0.031
24.5400	-0.035
24.5450	-0.038
24.5500	-0.039
24.5550	-0.042
24.5600	-0.044
24.5650	-0.047
24.5700	-0.049
24.5750	-0.052
24.5800	-0.053
24.5850	-0.057
24.5900	-0.058
24.5950	-0.060
24.6000	-0.063
24.6050	-0.064
24.6100	-0.066
24.6150	-0.068
24.6200	-0.071
24.6250	-0.072
24.6300	-0.074
24.6350	-0.075
24.6400	-0.077
24.6450	-0.079
24.6500	-0.080
24.6550	-0.082
24.6600	-0.083
24.6650	-0.085
24.6700	-0.086
24.6750	-0.088
24.6800	-0.088
24.6850	-0.090
24.6900	-0.091
24.6950	-0.091
24.7000	-0.093
24.7050	-0.093
24.7100	-0.094
24.7150	-0.094
24.7200	-0.096
24.7250	-0.096
24.7300	-0.096
24.7350	-0.097
24.7400	-0.097
24.7450	-0.097
24.7500	-0.097
24.7550	-0.097
24.7600	-0.097
24.7650	-0.097
24.7700	-0.097
24.7750	-0.097
24.7800	-0.097
24.7850	-0.097
24.7900	-0.097
24.7950	-0.097
24.8000	-0.097
24.8050	-0.096
24.8100	-0.096
24.8150	-0.094
24.8200	-0.094
24.8250	-0.093
24.8300	-0.093
24.8350	-0.091
24.8400	-0.090
24.8450	-0.090
24.8500	-0.088
24.8550	-0.086
24.8600	-0.085
24.8650	-0.083
24.8700	-0.082
24.8750	-0.080
24.8800	-0.079
24.8850	-0.077
24.8900	-0.075
24.8950	-0.074
24.9000	-0.072
24.9050	-0.071
24.9100	-0.068
24.9150	-0.066
24.9200	-0.064
24.9250	-0.063
24.9300	-0.060
24.9350	-0.058
24.9400	-0.055
24.9450	-0.053
24.9500	-0.052
24.9550	-0.049
24.9600	-0.047
24.9650	-0.044
24.9700	-0.042
24.9750	-0.039
24.9800	-0.036
24.9850	-0.035
24.9900	-0.031
24.9950	-0.030
25.0000	-0.027
25.0050	-0.024
25.0100	-0.022
25.0150	-0.019
25.0200	-0.016
25.0250	-0.014
25.0300	-0.011
25.0350	-0.008
25.0400	-0.006
25.0450	-0.003
25.0500	0.000
25.0550	0.002
25.0600	0.005
25.0650	0.008
25.0700	0.009
25.0750	0.013
25.0800	0.016
25.0850	0.019
25.0900	0.020
25.0950	0.024
25.1000	0.025
25.1050	0.028
25.1100	0.031
25.1150	0.033
25.1200	0.036
25.1250	0.038
25.1300	0.041
25.1350	0.044
25.1400	0.046
25.1450	0.047
25.1500	0.050
25.1550	0.052
25.1600	0.055
25.1650	0.057
25.1700	0.060
25.1750	0.061
25.1800	0.063
25.1850	0.064
25.1900	0.068
25.1950	0.069
25.2000	0.071
25.2050	0.072
25.2100	0.074
25.2150	0.075
25.2200	0.077
25.2250	0.079
25.2300	0.080
25.2350	0.082
25.2400	0.083
25.2450	0.085
25.2500	0.086
25.2550	0.088
25.2600	0.088
25.2650	0.090
25.2700	0.091
25.2750	0.091
25.2800	0.093
25.2850	0.093
25.2900	0.094
25.2950	0.094
25.3000	0.096
25.3050	0.096
25.3100	0.096
25.3150	0.096
25.3200	0.097
25.3250	0.097
25.3300	0.097
25.3350	0.097
25.3400	0.097
25.3450	0.097
25.3500	0.097
25.3550	0.097
25.3600	0.097
25.3650	0.097
25.3700	0.096
25.3750	0.096
25.3800	0.096
25.3850	0.094
25.3900	0.094
25.3950	0.094
25.4000	0.093
25.4050	0.091
25.4100	0.091
25.4150	0.090
25.4200	0.088
25.4250	0.088
25.4300	0.086
25.4350	0.085
25.4400	0.083
25.4450	0.082
25.4500	0.080
25.4550	0.079
25.4600	0.077
25.4650	0.075
25.4700	0.074
25.4750	0.072
25.4800	0.071
25.4850	0.069
25.4900	0.066
25.4950	0.064
25.5000	0.063
25.5050	0.060
25.5100	0.058
25.5150	0.057
25.5200	0.053
25.5250	0.052
25.5300	0.049
25.5350	0.047
25.5400	0.044
25.5450	0.042
25.5500	0.039
25.5550	0.038
25.5600	0.035
25.5650	0.033
25.5700	0.030
25.5750	0.027
25.5800	0.025
25.5850	0.022
25.5900	0.020
25.5950	0.017
25.6000	0.014
25.6050	0.013
25.6100	0.009
25.6150	0.006
25.6200	0.003
25.6250	0.002
25.6300	-0.002
25.6350	-0.005
25.6400	-0.006
25.6450	-0.009
25.6500	-0.013
25.6550	-0.014
25.6600	-0.017
25.6650	-0.020
25.6700	-0.022
25.6750	-0.025
25.6800	-0.028
25.6850	-0.030
25.6900	-0.033
25.6950	-0.035
25.7000	-0.038
25.7050	-0.039
25.7100	-0.042
25.7150	-0.044
25.7200	-0.047
25.7250	-0.049
25.7300	-0.052
25.7350	-0.053
25.7400	-0.057
25.7450	-0.058
25.7500	-0.060
25.7550	-0.063
25.7600	-0.064
25.7650	-0.066
25.7700	-0.068
25.7750	-0.071
25.7800	-0.072
25.7850	-0.074
25.7900	-0.075
25.7950	-0.077
25.8000	-0.079
25.8050	-0.080
25.8100	-0.082
25.8150	-0.083
25.8200	-0.085
25.8250	-0.085
25.8300	-0.086
25.8350	-0.088
25.8400	-0.090
25.8450	-0.090
25.8500	-0.091
25.8550	-0.091
25.8600	-0.093
25.8650	-0.093
25.8700	-0.094
25.8750	-0.094
25.8800	-0.094
25.8850	-0.096
25.8900	-0.096
25.8950	-0.096
25.9000	-0.096
25.9050	-0.096
25.9100	-0.097
25.9150	-0.097
25.9200	-0.097
25.9250	-0.097
25.9300	-0.097
25.9350	-0.097
25.9400	-0.097
25.9450	-0.096
25.9500	-0.096
25.9550	-0.096
25.9600	-0.094
25.9650	-0.094
25.9700	-0.093
25.9750	-0.093
25.9800	-0.091
25.9850	-0.091
25.9900	-0.090
25.9950	-0.088
26.0000	-0.088
26.0050	-0.086
26.0100	-0.085
26.0150	-0.083
26.0200	-0.082
26.0250	-0.080
26.0300	-0.079
26.0350	-0.077
26.0400	-0.075
26.0450	-0.074
26.0500	-0.072
26.0550	-0.071
26.0600	-0.069
26.0650	-0.066
26.0700	-0.064
26.0750	-0.063
26.0800	-0.061
26.0850	-0.058
26.0900	-0.057
26.0950	-0.055
26.1000	-0.052
26.1050	-0.050
26.1100	-0.047
26.1150	-0.046
26.1200	-0.042
26.1250	-0.041
26.1300	-0.038
26.1350	-0.036
26.1400	-0.033
26.1450	-0.030
26.1500	-0.028
26.1550	-0.025
26.1600	-0.024
26.1650	-0.020
26.1700	-0.017
26.1750	-0.016
26.1800	-0.013
26.1850	-0.009
26.1900	-0.008
26.1950	-0.005
26.2000	-0.002
26.2050	0.000
26.2100	0.003
26.2150	0.006
26.2200	0.008
26.2250	0.011
26.2300	0.014
26.2350	0.016
26.2400	0.019
26.2450	0.022
26.2500	0.024
26.2550	0.027
26.2600	0.028
26.2650	0.031
26.2700	0.035
26.2750	0.036
26.2800	0.039
26.2850	0.041
26.2900	0.044
26.2950	0.046
26.3000	0.049
26.3050	0.050
26.3100	0.052
26.3150	0.055
26.3200	0.057
26.3250	0.060
26.3300	0.061
26.3350	0.063
26.3400	0.064
26.3450	0.068
26.3500	0.069
26.3550	0.071
26.3600	0.072
26.3650	0.074
26.3700	0.075
26.3750	0.077
26.3800	0.079
26.3850	0.080
26.3900	0.082
26.3950	0.083
26.4000	0.085
26.4050	0.085
26.4100	0.086
26.4150	0.088
26.4200	0.090
26.4250	0.090
26.4300	0.091
26.4350	0.091
26.4400	0.093
26.4450	0.093
26.4500	0.094
26.4550	0.094
26.4600	0.094
26.4650	0.094
26.4700	0.096
26.4750	0.096
26.4800	0.096
26.4850	0.096
26.4900	0.096
26.4950	0.096
26.5000	0.096
26.5050	0.096
26.5100	0.096
26.5150	0.096
26.5200	0.096
26.5250	0.096
26.5300	0.094
26.5350	0.094
26.5400	0.094
26.5450	0.093
26.5500	0.093
26.5550	0.091
26.5600	0.090
26.5650	0.090
26.5700	0.088
26.5750	0.086
26.5800	0.086
26.5850	0.085
26.5900	0.083
26.5950	0.082
26.6000	0.080
26.6050	0.079
26.6100	0.077
26.6150	0.075
26.6200	0.074
26.6250	0.072
26.6300	0.071
26.6350	0.069
26.6400	0.068
26.6450	0.064
26.6500	0.063
26.6550	0.061
26.6600	0.058
26.6650	0.057
26.6700	0.055
26.6750	0.052
26.6800	0.050
