Tempo ( s )	Posicao angular ( rad )
0.0000	0.000
0.0050	0.000
0.0100	0.000
0.0150	0.000
0.0200	0.000
0.0250	0.000
0.0300	0.000
0.0350	0.000
0.0400	0.000
0.0450	0.000
0.0500	0.000
0.0550	0.000
0.0600	0.000
0.0650	0.000
0.0700	0.000
0.0750	0.000
0.0800	0.000
0.0850	0.000
0.0900	0.000
0.0950	0.000
0.1000	0.000
0.1050	0.000
0.1100	0.000
0.1150	0.000
0.1200	0.000
0.1250	0.000
0.1300	0.000
0.1350	0.000
0.1400	0.000
0.1450	0.000
0.1500	0.000
0.1550	0.000
0.1600	0.000
0.1650	0.000
0.1700	0.000
0.1750	0.000
0.1800	0.000
0.1850	0.000
0.1900	0.000
0.1950	0.000
0.2000	0.000
0.2050	0.000
0.2100	0.000
0.2150	0.000
0.2200	0.000
0.2250	0.000
0.2300	0.000
0.2350	0.000
0.2400	0.000
0.2450	0.000
0.2500	0.000
0.2550	0.000
0.2600	0.000
0.2650	0.000
0.2700	0.000
0.2750	0.000
0.2800	0.000
0.2850	0.000
0.2900	0.000
0.2950	0.000
0.3000	0.000
0.3050	0.000
0.3100	0.000
0.3150	0.000
0.3200	0.000
0.3250	0.000
0.3300	0.000
0.3350	0.000
0.3400	0.000
0.3450	0.000
0.3500	0.000
0.3550	0.000
0.3600	0.000
0.3650	0.000
0.3700	0.000
0.3750	0.000
0.3800	0.000
0.3850	0.000
0.3900	0.000
0.3950	0.000
0.4000	0.000
0.4050	0.000
0.4100	0.000
0.4150	0.000
0.4200	0.000
0.4250	0.000
0.4300	0.000
0.4350	0.000
0.4400	0.000
0.4450	0.000
0.4500	0.000
0.4550	0.000
0.4600	0.000
0.4650	0.000
0.4700	0.000
0.4750	0.000
0.4800	0.000
0.4850	0.000
0.4900	0.000
0.4950	0.000
0.5000	0.000
0.5050	0.000
0.5100	0.000
0.5150	0.000
0.5200	0.000
0.5250	0.000
0.5300	0.000
0.5350	0.000
0.5400	0.000
0.5450	0.000
0.5500	0.000
0.5550	0.000
0.5600	0.000
0.5650	0.000
0.5700	0.000
0.5750	0.000
0.5800	0.000
0.5850	0.000
0.5900	0.000
0.5950	0.000
0.6000	0.000
0.6050	0.000
0.6100	0.000
0.6150	0.000
0.6200	0.000
0.6250	0.000
0.6300	0.000
0.6350	0.000
0.6400	0.000
0.6450	0.000
0.6500	0.000
0.6550	0.000
0.6600	0.000
0.6650	0.000
0.6700	0.000
0.6750	0.000
0.6800	0.000
0.6850	0.000
0.6900	0.000
0.6950	0.000
0.7000	0.000
0.7050	0.000
0.7100	0.000
0.7150	0.000
0.7200	0.000
0.7250	0.000
0.7300	0.000
0.7350	0.000
0.7400	0.000
0.7450	0.000
0.7500	0.000
0.7550	0.000
0.7600	0.000
0.7650	0.000
0.7700	0.000
0.7750	0.000
0.7800	0.000
0.7850	0.000
0.7900	0.000
0.7950	0.000
0.8000	0.000
0.8050	0.000
0.8100	0.000
0.8150	0.000
0.8200	0.000
0.8250	0.000
0.8300	0.000
0.8350	0.000
0.8400	0.000
0.8450	0.000
0.8500	0.000
0.8550	0.000
0.8600	0.000
0.8650	0.000
0.8700	0.000
0.8750	0.000
0.8800	0.000
0.8850	0.000
0.8900	0.000
0.8950	0.000
0.9000	0.000
0.9050	0.000
0.9100	0.000
0.9150	0.000
0.9200	0.000
0.9250	0.000
0.9300	0.000
0.9350	0.000
0.9400	0.000
0.9450	0.000
0.9500	0.000
0.9550	0.000
0.9600	0.000
0.9650	0.000
0.9700	0.000
0.9750	0.000
0.9800	0.000
0.9850	0.000
0.9900	0.000
0.9950	0.000
1.0000	0.000
1.0050	0.000
1.0100	0.000
1.0150	0.000
1.0200	0.000
1.0250	0.000
1.0300	0.000
1.0350	0.000
1.0400	0.000
1.0450	0.000
1.0500	0.000
1.0550	0.000
1.0600	0.000
1.0650	0.000
1.0700	0.000
1.0750	0.000
1.0800	0.000
1.0850	0.000
1.0900	0.000
1.0950	0.000
1.1000	0.000
1.1050	0.000
1.1100	0.000
1.1150	0.000
1.1200	0.000
1.1250	0.000
1.1300	0.000
1.1350	0.000
1.1400	0.000
1.1450	0.000
1.1500	0.000
1.1550	0.000
1.1600	0.000
1.1650	0.000
1.1700	0.002
1.1750	0.002
1.1800	0.002
1.1850	0.002
1.1900	0.002
1.1950	0.003
1.2000	0.003
1.2050	0.003
1.2100	0.005
1.2150	0.005
1.2200	0.006
1.2250	0.006
1.2300	0.008
1.2350	0.008
1.2400	0.009
1.2450	0.009
1.2500	0.011
1.2550	0.013
1.2600	0.013
1.2650	0.014
1.2700	0.016
1.2750	0.016
1.2800	0.017
1.2850	0.019
1.2900	0.019
1.2950	0.020
1.3000	0.022
1.3050	0.024
1.3100	0.024
1.3150	0.025
1.3200	0.027
1.3250	0.028
1.3300	0.030
1.3350	0.030
1.3400	0.031
1.3450	0.033
1.3500	0.035
1.3550	0.036
1.3600	0.038
1.3650	0.039
1.3700	0.041
1.3750	0.042
1.3800	0.044
1.3850	0.047
1.3900	0.049
1.3950	0.050
1.4000	0.053
1.4050	0.055
1.4100	0.058
1.4150	0.060
1.4200	0.063
1.4250	0.064
1.4300	0.068
1.4350	0.071
1.4400	0.072
1.4450	0.075
1.4500	0.079
1.4550	0.082
1.4600	0.085
1.4650	0.088
1.4700	0.090
1.4750	0.093
1.4800	0.096
1.4850	0.099
1.4900	0.102
1.4950	0.107
1.5000	0.110
1.5050	0.113
1.5100	0.116
1.5150	0.119
1.5200	0.123
1.5250	0.126
1.5300	0.129
1.5350	0.132
1.5400	0.137
1.5450	0.140
1.5500	0.143
1.5550	0.146
1.5600	0.149
1.5650	0.152
1.5700	0.156
1.5750	0.159
1.5800	0.162
1.5850	0.165
1.5900	0.168
1.5950	0.171
1.6000	0.174
1.6050	0.178
1.6100	0.181
1.6150	0.184
1.6200	0.187
1.6250	0.190
1.6300	0.193
1.6350	0.195
1.6400	0.198
1.6450	0.201
1.6500	0.203
1.6550	0.206
1.6600	0.207
1.6650	0.210
1.6700	0.212
1.6750	0.214
1.6800	0.215
1.6850	0.217
1.6900	0.218
1.6950	0.220
1.7000	0.220
1.7050	0.221
1.7100	0.221
1.7150	0.221
1.7200	0.223
1.7250	0.223
1.7300	0.223
1.7350	0.223
1.7400	0.223
1.7450	0.223
1.7500	0.223
1.7550	0.221
1.7600	0.220
1.7650	0.220
1.7700	0.218
1.7750	0.217
1.7800	0.215
1.7850	0.214
1.7900	0.212
1.7950	0.209
1.8000	0.207
1.8050	0.204
1.8100	0.203
1.8150	0.199
1.8200	0.196
1.8250	0.195
1.8300	0.192
1.8350	0.188
1.8400	0.184
1.8450	0.181
1.8500	0.178
1.8550	0.173
1.8600	0.170
1.8650	0.165
1.8700	0.162
1.8750	0.157
1.8800	0.152
1.8850	0.148
1.8900	0.143
1.8950	0.138
1.9000	0.134
1.9050	0.129
1.9100	0.124
1.9150	0.119
1.9200	0.113
1.9250	0.108
1.9300	0.104
1.9350	0.097
1.9400	0.093
1.9450	0.086
1.9500	0.082
1.9550	0.075
1.9600	0.069
1.9650	0.064
1.9700	0.058
1.9750	0.052
1.9800	0.047
1.9850	0.041
1.9900	0.035
1.9950	0.028
2.0000	0.022
2.0050	0.016
2.0100	0.011
2.0150	0.005
2.0200	-0.002
2.0250	-0.008
2.0300	-0.014
2.0350	-0.020
2.0400	-0.025
2.0450	-0.031
2.0500	-0.038
2.0550	-0.044
2.0600	-0.050
2.0650	-0.055
2.0700	-0.061
2.0750	-0.068
2.0800	-0.072
2.0850	-0.079
2.0900	-0.085
2.0950	-0.090
2.1000	-0.096
2.1050	-0.101
2.1100	-0.107
2.1150	-0.112
2.1200	-0.116
2.1250	-0.121
2.1300	-0.127
2.1350	-0.132
2.1400	-0.137
2.1450	-0.141
2.1500	-0.146
2.1550	-0.151
2.1600	-0.154
2.1650	-0.159
2.1700	-0.163
2.1750	-0.167
2.1800	-0.171
2.1850	-0.174
2.1900	-0.179
2.1950	-0.182
2.2000	-0.185
2.2050	-0.188
2.2100	-0.192
2.2150	-0.195
2.2200	-0.198
2.2250	-0.199
2.2300	-0.203
2.2350	-0.204
2.2400	-0.207
2.2450	-0.209
2.2500	-0.210
2.2550	-0.212
2.2600	-0.214
2.2650	-0.215
2.2700	-0.217
2.2750	-0.218
2.2800	-0.220
2.2850	-0.220
2.2900	-0.220
2.2950	-0.221
2.3000	-0.221
2.3050	-0.221
2.3100	-0.221
2.3150	-0.221
2.3200	-0.221
2.3250	-0.221
2.3300	-0.221
2.3350	-0.220
2.3400	-0.218
2.3450	-0.218
2.3500	-0.217
2.3550	-0.215
2.3600	-0.214
2.3650	-0.212
2.3700	-0.209
2.3750	-0.207
2.3800	-0.206
2.3850	-0.203
2.3900	-0.199
2.3950	-0.198
2.4000	-0.195
2.4050	-0.192
2.4100	-0.188
2.4150	-0.185
2.4200	-0.182
2.4250	-0.179
2.4300	-0.174
2.4350	-0.171
2.4400	-0.167
2.4450	-0.163
2.4500	-0.159
2.4550	-0.154
2.4600	-0.151
2.4650	-0.146
2.4700	-0.141
2.4750	-0.137
2.4800	-0.132
2.4850	-0.127
2.4900	-0.121
2.4950	-0.116
2.5000	-0.112
2.5050	-0.105
2.5100	-0.101
2.5150	-0.096
2.5200	-0.090
2.5250	-0.083
2.5300	-0.079
2.5350	-0.072
2.5400	-0.068
2.5450	-0.061
2.5500	-0.055
2.5550	-0.049
2.5600	-0.044
2.5650	-0.038
2.5700	-0.031
2.5750	-0.025
2.5800	-0.019
2.5850	-0.014
2.5900	-0.008
2.5950	-0.002
2.6000	0.005
2.6050	0.011
2.6100	0.017
2.6150	0.022
2.6200	0.028
2.6250	0.035
2.6300	0.041
2.6350	0.046
2.6400	0.052
2.6450	0.058
2.6500	0.064
2.6550	0.069
2.6600	0.075
2.6650	0.080
2.6700	0.086
2.6750	0.093
2.6800	0.097
2.6850	0.102
2.6900	0.108
2.6950	0.113
2.7000	0.118
2.7050	0.124
2.7100	0.129
2.7150	0.134
2.7200	0.138
2.7250	0.143
2.7300	0.148
2.7350	0.152
2.7400	0.156
2.7450	0.160
2.7500	0.165
2.7550	0.168
2.7600	0.173
2.7650	0.176
2.7700	0.179
2.7750	0.184
2.7800	0.187
2.7850	0.190
2.7900	0.193
2.7950	0.195
2.8000	0.198
2.8050	0.201
2.8100	0.203
2.8150	0.206
2.8200	0.207
2.8250	0.210
2.8300	0.212
2.8350	0.214
2.8400	0.215
2.8450	0.217
2.8500	0.218
2.8550	0.218
2.8600	0.220
2.8650	0.220
2.8700	0.221
2.8750	0.221
2.8800	0.221
2.8850	0.221
2.8900	0.221
2.8950	0.221
2.9000	0.221
2.9050	0.221
2.9100	0.220
2.9150	0.220
2.9200	0.218
2.9250	0.217
2.9300	0.217
2.9350	0.215
2.9400	0.214
2.9450	0.210
2.9500	0.209
2.9550	0.207
2.9600	0.204
2.9650	0.203
2.9700	0.199
2.9750	0.196
2.9800	0.193
2.9850	0.190
2.9900	0.187
2.9950	0.184
3.0000	0.181
3.0050	0.178
3.0100	0.173
3.0150	0.170
3.0200	0.165
3.0250	0.162
3.0300	0.157
3.0350	0.152
3.0400	0.149
3.0450	0.145
3.0500	0.140
3.0550	0.135
3.0600	0.130
3.0650	0.126
3.0700	0.119
3.0750	0.115
3.0800	0.110
3.0850	0.104
3.0900	0.099
3.0950	0.094
3.1000	0.088
3.1050	0.082
3.1100	0.077
3.1150	0.071
3.1200	0.066
3.1250	0.060
3.1300	0.053
3.1350	0.047
3.1400	0.042
3.1450	0.036
3.1500	0.030
3.1550	0.024
3.1600	0.019
3.1650	0.013
3.1700	0.006
3.1750	0.000
3.1800	-0.006
3.1850	-0.013
3.1900	-0.017
3.1950	-0.024
3.2000	-0.030
3.2050	-0.036
3.2100	-0.041
3.2150	-0.047
3.2200	-0.053
3.2250	-0.060
3.2300	-0.064
3.2350	-0.071
3.2400	-0.077
3.2450	-0.082
3.2500	-0.088
3.2550	-0.093
3.2600	-0.099
3.2650	-0.104
3.2700	-0.108
3.2750	-0.115
3.2800	-0.119
3.2850	-0.124
3.2900	-0.129
3.2950	-0.134
3.3000	-0.138
3.3050	-0.143
3.3100	-0.148
3.3150	-0.152
3.3200	-0.157
3.3250	-0.160
3.3300	-0.165
3.3350	-0.168
3.3400	-0.173
3.3450	-0.176
3.3500	-0.179
3.3550	-0.182
3.3600	-0.187
3.3650	-0.190
3.3700	-0.192
3.3750	-0.195
3.3800	-0.198
3.3850	-0.201
3.3900	-0.203
3.3950	-0.206
3.4000	-0.207
3.4050	-0.209
3.4100	-0.210
3.4150	-0.212
3.4200	-0.214
3.4250	-0.215
3.4300	-0.217
3.4350	-0.217
3.4400	-0.218
3.4450	-0.218
3.4500	-0.220
3.4550	-0.220
3.4600	-0.220
3.4650	-0.220
3.4700	-0.220
3.4750	-0.220
3.4800	-0.220
3.4850	-0.220
3.4900	-0.218
3.4950	-0.218
3.5000	-0.217
3.5050	-0.215
3.5100	-0.214
3.5150	-0.212
3.5200	-0.210
3.5250	-0.209
3.5300	-0.207
3.5350	-0.204
3.5400	-0.203
3.5450	-0.199
3.5500	-0.196
3.5550	-0.195
3.5600	-0.192
3.5650	-0.188
3.5700	-0.185
3.5750	-0.182
3.5800	-0.178
3.5850	-0.174
3.5900	-0.171
3.5950	-0.167
3.6000	-0.163
3.6050	-0.159
3.6100	-0.156
3.6150	-0.151
3.6200	-0.146
3.6250	-0.141
3.6300	-0.137
3.6350	-0.132
3.6400	-0.127
3.6450	-0.123
3.6500	-0.118
3.6550	-0.112
3.6600	-0.107
3.6650	-0.102
3.6700	-0.096
3.6750	-0.091
3.6800	-0.085
3.6850	-0.080
3.6900	-0.074
3.6950	-0.068
3.7000	-0.063
3.7050	-0.057
3.7100	-0.050
3.7150	-0.046
3.7200	-0.039
3.7250	-0.033
3.7300	-0.027
3.7350	-0.020
3.7400	-0.016
3.7450	-0.009
3.7500	-0.003
3.7550	0.003
3.7600	0.008
3.7650	0.014
3.7700	0.020
3.7750	0.027
3.7800	0.033
3.7850	0.038
3.7900	0.044
3.7950	0.050
3.8000	0.057
3.8050	0.061
3.8100	0.068
3.8150	0.074
3.8200	0.079
3.8250	0.085
3.8300	0.090
3.8350	0.096
3.8400	0.101
3.8450	0.105
3.8500	0.112
3.8550	0.116
3.8600	0.121
3.8650	0.126
3.8700	0.130
3.8750	0.137
3.8800	0.140
3.8850	0.145
3.8900	0.149
3.8950	0.154
3.9000	0.159
3.9050	0.162
3.9100	0.167
3.9150	0.170
3.9200	0.174
3.9250	0.178
3.9300	0.181
3.9350	0.184
3.9400	0.187
3.9450	0.190
3.9500	0.193
3.9550	0.196
3.9600	0.199
3.9650	0.201
3.9700	0.204
3.9750	0.206
3.9800	0.207
3.9850	0.210
3.9900	0.212
3.9950	0.214
4.0000	0.215
4.0050	0.215
4.0100	0.217
4.0150	0.218
4.0200	0.218
4.0250	0.220
4.0300	0.220
4.0350	0.220
4.0400	0.220
4.0450	0.220
4.0500	0.220
4.0550	0.220
4.0600	0.220
4.0650	0.220
4.0700	0.218
4.0750	0.217
4.0800	0.217
4.0850	0.215
4.0900	0.214
4.0950	0.212
4.1000	0.210
4.1050	0.209
4.1100	0.206
4.1150	0.204
4.1200	0.201
4.1250	0.199
4.1300	0.196
4.1350	0.193
4.1400	0.190
4.1450	0.187
4.1500	0.184
4.1550	0.181
4.1600	0.178
4.1650	0.173
4.1700	0.170
4.1750	0.167
4.1800	0.162
4.1850	0.157
4.1900	0.154
4.1950	0.149
4.2000	0.145
4.2050	0.140
4.2100	0.135
4.2150	0.130
4.2200	0.126
4.2250	0.121
4.2300	0.116
4.2350	0.110
4.2400	0.105
4.2450	0.101
4.2500	0.094
4.2550	0.090
4.2600	0.083
4.2650	0.079
4.2700	0.072
4.2750	0.066
4.2800	0.061
4.2850	0.055
4.2900	0.049
4.2950	0.044
4.3000	0.038
4.3050	0.031
4.3100	0.025
4.3150	0.020
4.3200	0.014
4.3250	0.008
4.3300	0.002
4.3350	-0.005
4.3400	-0.009
4.3450	-0.016
4.3500	-0.022
4.3550	-0.028
4.3600	-0.033
4.3650	-0.039
4.3700	-0.046
4.3750	-0.052
4.3800	-0.057
4.3850	-0.063
4.3900	-0.069
4.3950	-0.074
4.4000	-0.080
4.4050	-0.085
4.4100	-0.091
4.4150	-0.096
4.4200	-0.102
4.4250	-0.107
4.4300	-0.112
4.4350	-0.118
4.4400	-0.123
4.4450	-0.127
4.4500	-0.132
4.4550	-0.137
4.4600	-0.141
4.4650	-0.146
4.4700	-0.151
4.4750	-0.154
4.4800	-0.159
4.4850	-0.163
4.4900	-0.167
4.4950	-0.170
4.5000	-0.174
4.5050	-0.178
4.5100	-0.181
4.5150	-0.184
4.5200	-0.187
4.5250	-0.190
4.5300	-0.193
4.5350	-0.196
4.5400	-0.198
4.5450	-0.201
4.5500	-0.203
4.5550	-0.206
4.5600	-0.207
4.5650	-0.209
4.5700	-0.210
4.5750	-0.212
4.5800	-0.214
4.5850	-0.215
4.5900	-0.215
4.5950	-0.217
4.6000	-0.217
4.6050	-0.218
4.6100	-0.218
4.6150	-0.218
4.6200	-0.218
4.6250	-0.218
4.6300	-0.218
4.6350	-0.218
4.6400	-0.218
4.6450	-0.218
4.6500	-0.217
4.6550	-0.215
4.6600	-0.215
4.6650	-0.214
4.6700	-0.212
4.6750	-0.210
4.6800	-0.209
4.6850	-0.206
4.6900	-0.204
4.6950	-0.201
4.7000	-0.199
4.7050	-0.196
4.7100	-0.193
4.7150	-0.192
4.7200	-0.188
4.7250	-0.185
4.7300	-0.182
4.7350	-0.178
4.7400	-0.174
4.7450	-0.171
4.7500	-0.167
4.7550	-0.163
4.7600	-0.159
4.7650	-0.156
4.7700	-0.151
4.7750	-0.146
4.7800	-0.141
4.7850	-0.137
4.7900	-0.132
4.7950	-0.127
4.8000	-0.123
4.8050	-0.118
4.8100	-0.113
4.8150	-0.108
4.8200	-0.102
4.8250	-0.097
4.8300	-0.091
4.8350	-0.086
4.8400	-0.080
4.8450	-0.075
4.8500	-0.069
4.8550	-0.064
4.8600	-0.058
4.8650	-0.052
4.8700	-0.047
4.8750	-0.041
4.8800	-0.035
4.8850	-0.028
4.8900	-0.024
4.8950	-0.017
4.9000	-0.011
4.9050	-0.005
4.9100	0.002
4.9150	0.006
4.9200	0.013
4.9250	0.019
4.9300	0.025
4.9350	0.030
4.9400	0.036
4.9450	0.042
4.9500	0.049
4.9550	0.053
4.9600	0.060
4.9650	0.066
4.9700	0.071
4.9750	0.077
4.9800	0.082
4.9850	0.088
4.9900	0.093
4.9950	0.099
5.0000	0.104
5.0050	0.108
5.0100	0.115
5.0150	0.119
5.0200	0.124
5.0250	0.129
5.0300	0.134
5.0350	0.138
5.0400	0.143
5.0450	0.148
5.0500	0.152
5.0550	0.156
5.0600	0.160
5.0650	0.163
5.0700	0.168
5.0750	0.171
5.0800	0.176
5.0850	0.179
5.0900	0.182
5.0950	0.185
5.1000	0.188
5.1050	0.192
5.1100	0.195
5.1150	0.196
5.1200	0.199
5.1250	0.201
5.1300	0.204
5.1350	0.206
5.1400	0.207
5.1450	0.209
5.1500	0.212
5.1550	0.212
5.1600	0.214
5.1650	0.215
5.1700	0.217
5.1750	0.217
5.1800	0.218
5.1850	0.218
5.1900	0.218
5.1950	0.218
5.2000	0.218
5.2050	0.218
5.2100	0.218
5.2150	0.218
5.2200	0.218
5.2250	0.217
5.2300	0.217
5.2350	0.215
5.2400	0.214
5.2450	0.212
5.2500	0.210
5.2550	0.209
5.2600	0.207
5.2650	0.206
5.2700	0.203
5.2750	0.201
5.2800	0.198
5.2850	0.196
5.2900	0.193
5.2950	0.190
5.3000	0.187
5.3050	0.184
5.3100	0.181
5.3150	0.178
5.3200	0.173
5.3250	0.170
5.3300	0.167
5.3350	0.162
5.3400	0.157
5.3450	0.154
5.3500	0.149
5.3550	0.145
5.3600	0.140
5.3650	0.135
5.3700	0.130
5.3750	0.126
5.3800	0.121
5.3850	0.116
5.3900	0.112
5.3950	0.105
5.4000	0.101
5.4050	0.096
5.4100	0.090
5.4150	0.085
5.4200	0.079
5.4250	0.074
5.4300	0.068
5.4350	0.063
5.4400	0.057
5.4450	0.050
5.4500	0.044
5.4550	0.039
5.4600	0.033
5.4650	0.027
5.4700	0.022
5.4750	0.016
5.4800	0.009
5.4850	0.003
5.4900	-0.003
5.4950	-0.008
5.5000	-0.014
5.5050	-0.020
5.5100	-0.027
5.5150	-0.031
5.5200	-0.038
5.5250	-0.044
5.5300	-0.050
5.5350	-0.055
5.5400	-0.061
5.5450	-0.066
5.5500	-0.072
5.5550	-0.079
5.5600	-0.083
5.5650	-0.090
5.5700	-0.094
5.5750	-0.099
5.5800	-0.105
5.5850	-0.110
5.5900	-0.115
5.5950	-0.119
5.6000	-0.126
5.6050	-0.130
5.6100	-0.135
5.6150	-0.138
5.6200	-0.143
5.6250	-0.148
5.6300	-0.152
5.6350	-0.157
5.6400	-0.160
5.6450	-0.165
5.6500	-0.168
5.6550	-0.171
5.6600	-0.176
5.6650	-0.179
5.6700	-0.182
5.6750	-0.185
5.6800	-0.188
5.6850	-0.192
5.6900	-0.193
5.6950	-0.196
5.7000	-0.199
5.7050	-0.201
5.7100	-0.203
5.7150	-0.206
5.7200	-0.207
5.7250	-0.209
5.7300	-0.210
5.7350	-0.212
5.7400	-0.214
5.7450	-0.214
5.7500	-0.215
5.7550	-0.215
5.7600	-0.217
5.7650	-0.217
5.7700	-0.217
5.7750	-0.217
5.7800	-0.217
5.7850	-0.217
5.7900	-0.217
5.7950	-0.217
5.8000	-0.217
5.8050	-0.215
5.8100	-0.215
5.8150	-0.214
5.8200	-0.212
5.8250	-0.210
5.8300	-0.209
5.8350	-0.207
5.8400	-0.206
5.8450	-0.203
5.8500	-0.201
5.8550	-0.199
5.8600	-0.196
5.8650	-0.193
5.8700	-0.190
5.8750	-0.187
5.8800	-0.184
5.8850	-0.181
5.8900	-0.178
5.8950	-0.174
5.9000	-0.171
5.9050	-0.167
5.9100	-0.163
5.9150	-0.159
5.9200	-0.156
5.9250	-0.151
5.9300	-0.146
5.9350	-0.143
5.9400	-0.138
5.9450	-0.134
5.9500	-0.129
5.9550	-0.124
5.9600	-0.118
5.9650	-0.113
5.9700	-0.108
5.9750	-0.104
5.9800	-0.097
5.9850	-0.093
5.9900	-0.086
5.9950	-0.082
6.0000	-0.075
6.0050	-0.071
6.0100	-0.064
6.0150	-0.060
6.0200	-0.053
6.0250	-0.047
6.0300	-0.042
6.0350	-0.036
6.0400	-0.030
6.0450	-0.024
6.0500	-0.019
6.0550	-0.013
6.0600	-0.006
6.0650	0.000
6.0700	0.005
6.0750	0.011
6.0800	0.017
6.0850	0.024
6.0900	0.028
6.0950	0.035
6.1000	0.041
6.1050	0.046
6.1100	0.052
6.1150	0.058
6.1200	0.063
6.1250	0.069
6.1300	0.074
6.1350	0.080
6.1400	0.086
6.1450	0.091
6.1500	0.096
6.1550	0.102
6.1600	0.107
6.1650	0.112
6.1700	0.118
6.1750	0.123
6.1800	0.127
6.1850	0.132
6.1900	0.137
6.1950	0.141
6.2000	0.145
6.2050	0.149
6.2100	0.154
6.2150	0.159
6.2200	0.162
6.2250	0.165
6.2300	0.170
6.2350	0.173
6.2400	0.176
6.2450	0.181
6.2500	0.184
6.2550	0.187
6.2600	0.190
6.2650	0.192
6.2700	0.195
6.2750	0.198
6.2800	0.199
6.2850	0.203
6.2900	0.204
6.2950	0.206
6.3000	0.207
6.3050	0.209
6.3100	0.210
6.3150	0.212
6.3200	0.214
6.3250	0.215
6.3300	0.215
6.3350	0.217
6.3400	0.217
6.3450	0.217
6.3500	0.217
6.3550	0.217
6.3600	0.217
6.3650	0.217
6.3700	0.217
6.3750	0.217
6.3800	0.217
6.3850	0.215
6.3900	0.214
6.3950	0.214
6.4000	0.212
6.4050	0.210
6.4100	0.209
6.4150	0.207
6.4200	0.204
6.4250	0.203
6.4300	0.201
6.4350	0.198
6.4400	0.195
6.4450	0.193
6.4500	0.190
6.4550	0.187
6.4600	0.184
6.4650	0.181
6.4700	0.178
6.4750	0.173
6.4800	0.170
6.4850	0.167
6.4900	0.162
6.4950	0.157
6.5000	0.154
6.5050	0.149
6.5100	0.145
6.5150	0.141
6.5200	0.137
6.5250	0.132
6.5300	0.127
6.5350	0.123
6.5400	0.116
6.5450	0.112
6.5500	0.107
6.5550	0.102
6.5600	0.096
6.5650	0.091
6.5700	0.085
6.5750	0.080
6.5800	0.074
6.5850	0.069
6.5900	0.063
6.5950	0.058
6.6000	0.052
6.6050	0.046
6.6100	0.041
6.6150	0.035
6.6200	0.028
6.6250	0.022
6.6300	0.017
6.6350	0.011
6.6400	0.005
6.6450	-0.002
6.6500	-0.006
6.6550	-0.013
6.6600	-0.019
6.6650	-0.025
6.6700	-0.030
6.6750	-0.036
6.6800	-0.042
6.6850	-0.047
6.6900	-0.053
6.6950	-0.060
6.7000	-0.064
6.7050	-0.071
6.7100	-0.075
6.7150	-0.082
6.7200	-0.086
6.7250	-0.093
6.7300	-0.097
6.7350	-0.102
6.7400	-0.108
6.7450	-0.113
6.7500	-0.118
6.7550	-0.123
6.7600	-0.127
6.7650	-0.132
6.7700	-0.137
6.7750	-0.141
6.7800	-0.146
6.7850	-0.151
6.7900	-0.154
6.7950	-0.159
6.8000	-0.162
6.8050	-0.167
6.8100	-0.170
6.8150	-0.173
6.8200	-0.178
6.8250	-0.181
6.8300	-0.184
6.8350	-0.187
6.8400	-0.188
6.8450	-0.192
6.8500	-0.195
6.8550	-0.196
6.8600	-0.199
6.8650	-0.201
6.8700	-0.204
6.8750	-0.206
6.8800	-0.207
6.8850	-0.209
6.8900	-0.210
6.8950	-0.212
6.9000	-0.212
6.9050	-0.214
6.9100	-0.214
6.9150	-0.215
6.9200	-0.215
6.9250	-0.215
6.9300	-0.215
6.9350	-0.215
6.9400	-0.215
6.9450	-0.215
6.9500	-0.215
6.9550	-0.215
6.9600	-0.215
6.9650	-0.214
6.9700	-0.212
6.9750	-0.212
6.9800	-0.210
6.9850	-0.209
6.9900	-0.206
6.9950	-0.204
7.0000	-0.203
7.0050	-0.201
7.0100	-0.198
7.0150	-0.196
7.0200	-0.193
7.0250	-0.190
7.0300	-0.187
7.0350	-0.184
7.0400	-0.181
7.0450	-0.178
7.0500	-0.174
7.0550	-0.171
7.0600	-0.167
7.0650	-0.163
7.0700	-0.159
7.0750	-0.156
7.0800	-0.151
7.0850	-0.148
7.0900	-0.143
7.0950	-0.138
7.1000	-0.134
7.1050	-0.129
7.1100	-0.124
7.1150	-0.119
7.1200	-0.115
7.1250	-0.108
7.1300	-0.104
7.1350	-0.099
7.1400	-0.094
7.1450	-0.088
7.1500	-0.083
7.1550	-0.077
7.1600	-0.072
7.1650	-0.066
7.1700	-0.060
7.1750	-0.055
7.1800	-0.049
7.1850	-0.042
7.1900	-0.038
7.1950	-0.031
7.2000	-0.025
7.2050	-0.020
7.2100	-0.014
7.2150	-0.008
7.2200	-0.002
7.2250	0.003
7.2300	0.009
7.2350	0.016
7.2400	0.020
7.2450	0.027
7.2500	0.033
7.2550	0.039
7.2600	0.044
7.2650	0.050
7.2700	0.057
7.2750	0.061
7.2800	0.068
7.2850	0.072
7.2900	0.079
7.2950	0.083
7.3000	0.090
7.3050	0.094
7.3100	0.099
7.3150	0.105
7.3200	0.110
7.3250	0.115
7.3300	0.119
7.3350	0.124
7.3400	0.129
7.3450	0.134
7.3500	0.138
7.3550	0.143
7.3600	0.148
7.3650	0.152
7.3700	0.156
7.3750	0.160
7.3800	0.163
7.3850	0.168
7.3900	0.171
7.3950	0.174
7.4000	0.178
7.4050	0.181
7.4100	0.184
7.4150	0.187
7.4200	0.190
7.4250	0.193
7.4300	0.196
7.4350	0.198
7.4400	0.201
7.4450	0.203
7.4500	0.204
7.4550	0.206
7.4600	0.207
7.4650	0.209
7.4700	0.210
7.4750	0.212
7.4800	0.214
7.4850	0.214
7.4900	0.215
7.4950	0.215
7.5000	0.215
7.5050	0.215
7.5100	0.215
7.5150	0.215
7.5200	0.215
7.5250	0.215
7.5300	0.215
7.5350	0.215
7.5400	0.214
7.5450	0.214
7.5500	0.212
7.5550	0.210
7.5600	0.209
7.5650	0.207
7.5700	0.206
7.5750	0.204
7.5800	0.201
7.5850	0.199
7.5900	0.198
7.5950	0.195
7.6000	0.192
7.6050	0.188
7.6100	0.187
7.6150	0.184
7.6200	0.181
7.6250	0.176
7.6300	0.173
7.6350	0.170
7.6400	0.167
7.6450	0.162
7.6500	0.157
7.6550	0.154
7.6600	0.149
7.6650	0.145
7.6700	0.141
7.6750	0.137
7.6800	0.132
7.6850	0.127
7.6900	0.123
7.6950	0.118
7.7000	0.113
7.7050	0.107
7.7100	0.102
7.7150	0.097
7.7200	0.091
7.7250	0.086
7.7300	0.080
7.7350	0.075
7.7400	0.069
7.7450	0.064
7.7500	0.058
7.7550	0.053
7.7600	0.047
7.7650	0.041
7.7700	0.036
7.7750	0.030
7.7800	0.024
7.7850	0.019
7.7900	0.013
7.7950	0.006
7.8000	0.000
7.8050	-0.005
7.8100	-0.011
7.8150	-0.017
7.8200	-0.022
7.8250	-0.028
7.8300	-0.035
7.8350	-0.041
7.8400	-0.046
7.8450	-0.052
7.8500	-0.057
7.8550	-0.063
7.8600	-0.069
7.8650	-0.074
7.8700	-0.080
7.8750	-0.085
7.8800	-0.090
7.8850	-0.096
7.8900	-0.101
7.8950	-0.105
7.9000	-0.112
7.9050	-0.116
7.9100	-0.121
7.9150	-0.126
7.9200	-0.130
7.9250	-0.135
7.9300	-0.140
7.9350	-0.145
7.9400	-0.148
7.9450	-0.152
7.9500	-0.157
7.9550	-0.160
7.9600	-0.163
7.9650	-0.168
7.9700	-0.171
7.9750	-0.174
7.9800	-0.178
7.9850	-0.182
7.9900	-0.184
7.9950	-0.187
8.0000	-0.190
8.0050	-0.193
8.0100	-0.195
8.0150	-0.198
8.0200	-0.199
8.0250	-0.201
8.0300	-0.204
8.0350	-0.206
8.0400	-0.207
8.0450	-0.209
8.0500	-0.210
8.0550	-0.210
8.0600	-0.212
8.0650	-0.214
8.0700	-0.214
8.0750	-0.214
8.0800	-0.214
8.0850	-0.215
8.0900	-0.215
8.0950	-0.215
8.1000	-0.215
8.1050	-0.215
8.1100	-0.214
8.1150	-0.214
8.1200	-0.212
8.1250	-0.212
8.1300	-0.210
8.1350	-0.209
8.1400	-0.207
8.1450	-0.206
8.1500	-0.204
8.1550	-0.201
8.1600	-0.199
8.1650	-0.198
8.1700	-0.195
8.1750	-0.193
8.1800	-0.190
8.1850	-0.187
8.1900	-0.184
8.1950	-0.181
8.2000	-0.178
8.2050	-0.174
8.2100	-0.171
8.2150	-0.167
8.2200	-0.163
8.2250	-0.159
8.2300	-0.156
8.2350	-0.151
8.2400	-0.148
8.2450	-0.143
8.2500	-0.138
8.2550	-0.134
8.2600	-0.129
8.2650	-0.124
8.2700	-0.119
8.2750	-0.115
8.2800	-0.110
8.2850	-0.105
8.2900	-0.099
8.2950	-0.094
8.3000	-0.090
8.3050	-0.083
8.3100	-0.079
8.3150	-0.072
8.3200	-0.068
8.3250	-0.061
8.3300	-0.055
8.3350	-0.050
8.3400	-0.044
8.3450	-0.039
8.3500	-0.033
8.3550	-0.027
8.3600	-0.020
8.3650	-0.016
8.3700	-0.009
8.3750	-0.003
8.3800	0.002
8.3850	0.008
8.3900	0.014
8.3950	0.019
8.4000	0.025
8.4050	0.031
8.4100	0.038
8.4150	0.042
8.4200	0.049
8.4250	0.053
8.4300	0.060
8.4350	0.066
8.4400	0.071
8.4450	0.077
8.4500	0.082
8.4550	0.086
8.4600	0.093
8.4650	0.097
8.4700	0.102
8.4750	0.108
8.4800	0.113
8.4850	0.118
8.4900	0.123
8.4950	0.127
8.5000	0.132
8.5050	0.137
8.5100	0.141
8.5150	0.146
8.5200	0.149
8.5250	0.154
8.5300	0.157
8.5350	0.162
8.5400	0.165
8.5450	0.170
8.5500	0.173
8.5550	0.176
8.5600	0.179
8.5650	0.182
8.5700	0.185
8.5750	0.188
8.5800	0.192
8.5850	0.193
8.5900	0.196
8.5950	0.198
8.6000	0.201
8.6050	0.203
8.6100	0.204
8.6150	0.206
8.6200	0.207
8.6250	0.209
8.6300	0.210
8.6350	0.212
8.6400	0.212
8.6450	0.214
8.6500	0.214
8.6550	0.214
8.6600	0.215
8.6650	0.215
8.6700	0.215
8.6750	0.215
8.6800	0.215
8.6850	0.215
8.6900	0.214
8.6950	0.214
8.7000	0.212
8.7050	0.210
8.7100	0.210
8.7150	0.209
8.7200	0.207
8.7250	0.206
8.7300	0.203
8.7350	0.201
8.7400	0.199
8.7450	0.196
8.7500	0.195
8.7550	0.192
8.7600	0.188
8.7650	0.185
8.7700	0.182
8.7750	0.179
8.7800	0.176
8.7850	0.173
8.7900	0.170
8.7950	0.165
8.8000	0.162
8.8050	0.159
8.8100	0.154
8.8150	0.149
8.8200	0.146
8.8250	0.141
8.8300	0.137
8.8350	0.132
8.8400	0.127
8.8450	0.123
8.8500	0.118
8.8550	0.113
8.8600	0.108
8.8650	0.102
8.8700	0.097
8.8750	0.093
8.8800	0.086
8.8850	0.082
8.8900	0.075
8.8950	0.071
8.9000	0.064
8.9050	0.060
8.9100	0.053
8.9150	0.049
8.9200	0.042
8.9250	0.036
8.9300	0.031
8.9350	0.025
8.9400	0.019
8.9450	0.014
8.9500	0.008
8.9550	0.002
8.9600	-0.003
8.9650	-0.009
8.9700	-0.016
8.9750	-0.020
8.9800	-0.027
8.9850	-0.033
8.9900	-0.038
8.9950	-0.044
9.0000	-0.050
9.0050	-0.055
9.0100	-0.061
9.0150	-0.066
9.0200	-0.072
9.0250	-0.077
9.0300	-0.083
9.0350	-0.088
9.0400	-0.094
9.0450	-0.099
9.0500	-0.104
9.0550	-0.108
9.0600	-0.115
9.0650	-0.119
9.0700	-0.124
9.0750	-0.129
9.0800	-0.134
9.0850	-0.138
9.0900	-0.141
9.0950	-0.146
9.1000	-0.151
9.1050	-0.154
9.1100	-0.159
9.1150	-0.162
9.1200	-0.167
9.1250	-0.170
9.1300	-0.173
9.1350	-0.176
9.1400	-0.179
9.1450	-0.182
9.1500	-0.185
9.1550	-0.188
9.1600	-0.190
9.1650	-0.193
9.1700	-0.196
9.1750	-0.198
9.1800	-0.199
9.1850	-0.203
9.1900	-0.204
9.1950	-0.206
9.2000	-0.207
9.2050	-0.209
9.2100	-0.209
9.2150	-0.210
9.2200	-0.212
9.2250	-0.212
9.2300	-0.212
9.2350	-0.214
9.2400	-0.214
9.2450	-0.214
9.2500	-0.214
9.2550	-0.214
9.2600	-0.214
9.2650	-0.214
9.2700	-0.212
9.2750	-0.212
9.2800	-0.210
9.2850	-0.209
9.2900	-0.207
9.2950	-0.206
9.3000	-0.204
9.3050	-0.203
9.3100	-0.201
9.3150	-0.199
9.3200	-0.196
9.3250	-0.195
9.3300	-0.192
9.3350	-0.188
9.3400	-0.187
9.3450	-0.184
9.3500	-0.181
9.3550	-0.178
9.3600	-0.174
9.3650	-0.171
9.3700	-0.167
9.3750	-0.163
9.3800	-0.159
9.3850	-0.156
9.3900	-0.151
9.3950	-0.148
9.4000	-0.143
9.4050	-0.138
9.4100	-0.134
9.4150	-0.129
9.4200	-0.124
9.4250	-0.119
9.4300	-0.115
9.4350	-0.110
9.4400	-0.105
9.4450	-0.101
9.4500	-0.094
9.4550	-0.090
9.4600	-0.085
9.4650	-0.079
9.4700	-0.074
9.4750	-0.068
9.4800	-0.063
9.4850	-0.057
9.4900	-0.052
9.4950	-0.046
9.5000	-0.039
9.5050	-0.035
9.5100	-0.028
9.5150	-0.022
9.5200	-0.017
9.5250	-0.011
9.5300	-0.005
9.5350	0.000
9.5400	0.006
9.5450	0.013
9.5500	0.019
9.5550	0.024
9.5600	0.030
9.5650	0.036
9.5700	0.041
9.5750	0.047
9.5800	0.052
9.5850	0.058
9.5900	0.063
9.5950	0.069
9.6000	0.074
9.6050	0.080
9.6100	0.085
9.6150	0.091
9.6200	0.096
9.6250	0.101
9.6300	0.107
9.6350	0.112
9.6400	0.116
9.6450	0.121
9.6500	0.126
9.6550	0.130
9.6600	0.135
9.6650	0.140
9.6700	0.143
9.6750	0.148
9.6800	0.152
9.6850	0.156
9.6900	0.160
9.6950	0.163
9.7000	0.168
9.7050	0.171
9.7100	0.174
9.7150	0.178
9.7200	0.181
9.7250	0.184
9.7300	0.187
9.7350	0.190
9.7400	0.192
9.7450	0.195
9.7500	0.196
9.7550	0.199
9.7600	0.201
9.7650	0.203
9.7700	0.204
9.7750	0.206
9.7800	0.207
9.7850	0.209
9.7900	0.210
9.7950	0.210
9.8000	0.212
9.8050	0.212
9.8100	0.212
9.8150	0.214
9.8200	0.214
9.8250	0.214
9.8300	0.214
9.8350	0.214
9.8400	0.214
9.8450	0.214
9.8500	0.212
9.8550	0.210
9.8600	0.210
9.8650	0.209
9.8700	0.207
9.8750	0.206
9.8800	0.204
9.8850	0.203
9.8900	0.201
9.8950	0.198
9.9000	0.196
9.9050	0.193
9.9100	0.192
9.9150	0.188
9.9200	0.185
9.9250	0.182
9.9300	0.179
9.9350	0.176
9.9400	0.173
9.9450	0.170
9.9500	0.165
9.9550	0.162
9.9600	0.159
9.9650	0.154
9.9700	0.149
9.9750	0.146
9.9800	0.141
9.9850	0.137
9.9900	0.132
9.9950	0.127
10.0000	0.123
10.0050	0.118
10.0100	0.113
10.0150	0.108
10.0200	0.104
10.0250	0.099
10.0300	0.093
10.0350	0.088
10.0400	0.082
10.0450	0.077
10.0500	0.072
10.0550	0.066
10.0600	0.061
10.0650	0.055
10.0700	0.049
10.0750	0.044
10.0800	0.038
10.0850	0.033
10.0900	0.027
10.0950	0.020
10.1000	0.016
10.1050	0.009
10.1100	0.003
10.1150	-0.002
10.1200	-0.008
10.1250	-0.014
10.1300	-0.019
10.1350	-0.025
10.1400	-0.031
10.1450	-0.036
10.1500	-0.042
10.1550	-0.049
10.1600	-0.053
10.1650	-0.060
10.1700	-0.064
10.1750	-0.071
10.1800	-0.075
10.1850	-0.082
10.1900	-0.086
10.1950	-0.091
10.2000	-0.097
10.2050	-0.102
10.2100	-0.107
10.2150	-0.112
10.2200	-0.116
10.2250	-0.123
10.2300	-0.126
10.2350	-0.130
10.2400	-0.135
10.2450	-0.140
10.2500	-0.145
10.2550	-0.148
10.2600	-0.152
10.2650	-0.157
10.2700	-0.160
10.2750	-0.163
10.2800	-0.168
10.2850	-0.171
10.2900	-0.174
10.2950	-0.178
10.3000	-0.181
10.3050	-0.184
10.3100	-0.187
10.3150	-0.188
10.3200	-0.192
10.3250	-0.195
10.3300	-0.196
10.3350	-0.198
10.3400	-0.201
10.3450	-0.203
10.3500	-0.204
10.3550	-0.206
10.3600	-0.207
10.3650	-0.207
10.3700	-0.209
10.3750	-0.210
10.3800	-0.210
10.3850	-0.210
10.3900	-0.212
10.3950	-0.212
10.4000	-0.212
10.4050	-0.212
10.4100	-0.212
10.4150	-0.212
10.4200	-0.212
10.4250	-0.210
10.4300	-0.210
10.4350	-0.209
10.4400	-0.209
10.4450	-0.207
10.4500	-0.206
10.4550	-0.204
10.4600	-0.203
10.4650	-0.201
10.4700	-0.198
10.4750	-0.196
10.4800	-0.193
10.4850	-0.192
10.4900	-0.188
10.4950	-0.185
10.5000	-0.184
10.5050	-0.181
10.5100	-0.178
10.5150	-0.174
10.5200	-0.170
10.5250	-0.167
10.5300	-0.163
10.5350	-0.159
10.5400	-0.156
10.5450	-0.151
10.5500	-0.148
10.5550	-0.143
10.5600	-0.138
10.5650	-0.134
10.5700	-0.130
10.5750	-0.126
10.5800	-0.121
10.5850	-0.116
10.5900	-0.112
10.5950	-0.105
10.6000	-0.101
10.6050	-0.096
10.6100	-0.090
10.6150	-0.085
10.6200	-0.080
10.6250	-0.074
10.6300	-0.069
10.6350	-0.063
10.6400	-0.058
10.6450	-0.052
10.6500	-0.047
10.6550	-0.041
10.6600	-0.035
10.6650	-0.030
10.6700	-0.024
10.6750	-0.017
10.6800	-0.013
10.6850	-0.006
10.6900	0.000
10.6950	0.005
10.7000	0.011
10.7050	0.017
10.7100	0.022
10.7150	0.028
10.7200	0.033
10.7250	0.039
10.7300	0.046
10.7350	0.050
10.7400	0.057
10.7450	0.061
10.7500	0.068
10.7550	0.072
10.7600	0.079
10.7650	0.083
10.7700	0.090
10.7750	0.094
10.7800	0.099
10.7850	0.104
10.7900	0.110
10.7950	0.115
10.8000	0.119
10.8050	0.124
10.8100	0.129
10.8150	0.134
10.8200	0.137
10.8250	0.141
10.8300	0.146
10.8350	0.151
10.8400	0.154
10.8450	0.159
10.8500	0.162
10.8550	0.165
10.8600	0.170
10.8650	0.173
10.8700	0.176
10.8750	0.179
10.8800	0.182
10.8850	0.185
10.8900	0.187
10.8950	0.190
10.9000	0.193
10.9050	0.195
10.9100	0.198
10.9150	0.199
10.9200	0.201
10.9250	0.203
10.9300	0.204
10.9350	0.206
10.9400	0.207
10.9450	0.209
10.9500	0.209
10.9550	0.210
10.9600	0.210
10.9650	0.212
10.9700	0.212
10.9750	0.212
10.9800	0.212
10.9850	0.212
10.9900	0.212
10.9950	0.212
11.0000	0.212
11.0050	0.210
11.0100	0.210
11.0150	0.209
11.0200	0.207
11.0250	0.207
11.0300	0.206
11.0350	0.204
11.0400	0.201
11.0450	0.199
11.0500	0.198
11.0550	0.195
11.0600	0.193
11.0650	0.190
11.0700	0.188
11.0750	0.185
11.0800	0.182
11.0850	0.179
11.0900	0.176
11.0950	0.173
11.1000	0.170
11.1050	0.165
11.1100	0.162
11.1150	0.157
11.1200	0.154
11.1250	0.149
11.1300	0.146
11.1350	0.141
11.1400	0.137
11.1450	0.132
11.1500	0.129
11.1550	0.124
11.1600	0.119
11.1650	0.113
11.1700	0.108
11.1750	0.104
11.1800	0.099
11.1850	0.094
11.1900	0.088
11.1950	0.083
11.2000	0.079
11.2050	0.072
11.2100	0.068
11.2150	0.061
11.2200	0.057
11.2250	0.050
11.2300	0.044
11.2350	0.039
11.2400	0.033
11.2450	0.028
11.2500	0.022
11.2550	0.016
11.2600	0.011
11.2650	0.005
11.2700	-0.002
11.2750	-0.006
11.2800	-0.013
11.2850	-0.019
11.2900	-0.024
11.2950	-0.030
11.3000	-0.035
11.3050	-0.041
11.3100	-0.047
11.3150	-0.052
11.3200	-0.058
11.3250	-0.063
11.3300	-0.069
11.3350	-0.074
11.3400	-0.080
11.3450	-0.085
11.3500	-0.090
11.3550	-0.096
11.3600	-0.101
11.3650	-0.105
11.3700	-0.110
11.3750	-0.115
11.3800	-0.119
11.3850	-0.124
11.3900	-0.129
11.3950	-0.134
11.4000	-0.138
11.4050	-0.143
11.4100	-0.146
11.4150	-0.151
11.4200	-0.154
11.4250	-0.159
11.4300	-0.162
11.4350	-0.167
11.4400	-0.170
11.4450	-0.173
11.4500	-0.176
11.4550	-0.179
11.4600	-0.182
11.4650	-0.185
11.4700	-0.187
11.4750	-0.190
11.4800	-0.192
11.4850	-0.195
11.4900	-0.196
11.4950	-0.199
11.5000	-0.201
11.5050	-0.203
11.5100	-0.204
11.5150	-0.206
11.5200	-0.206
11.5250	-0.207
11.5300	-0.209
11.5350	-0.209
11.5400	-0.210
11.5450	-0.210
11.5500	-0.210
11.5550	-0.210
11.5600	-0.210
11.5650	-0.210
11.5700	-0.210
11.5750	-0.210
11.5800	-0.210
11.5850	-0.209
11.5900	-0.209
11.5950	-0.207
11.6000	-0.206
11.6050	-0.204
11.6100	-0.203
11.6150	-0.201
11.6200	-0.199
11.6250	-0.198
11.6300	-0.195
11.6350	-0.193
11.6400	-0.190
11.6450	-0.188
11.6500	-0.185
11.6550	-0.182
11.6600	-0.179
11.6650	-0.176
11.6700	-0.173
11.6750	-0.170
11.6800	-0.167
11.6850	-0.163
11.6900	-0.159
11.6950	-0.156
11.7000	-0.151
11.7050	-0.148
11.7100	-0.143
11.7150	-0.138
11.7200	-0.135
11.7250	-0.130
11.7300	-0.126
11.7350	-0.121
11.7400	-0.116
11.7450	-0.112
11.7500	-0.107
11.7550	-0.101
11.7600	-0.096
11.7650	-0.091
11.7700	-0.086
11.7750	-0.080
11.7800	-0.075
11.7850	-0.069
11.7900	-0.064
11.7950	-0.058
11.8000	-0.053
11.8050	-0.047
11.8100	-0.042
11.8150	-0.036
11.8200	-0.030
11.8250	-0.025
11.8300	-0.019
11.8350	-0.013
11.8400	-0.008
11.8450	-0.002
11.8500	0.003
11.8550	0.009
11.8600	0.016
11.8650	0.020
11.8700	0.027
11.8750	0.033
11.8800	0.038
11.8850	0.044
11.8900	0.049
11.8950	0.055
11.9000	0.060
11.9050	0.066
11.9100	0.071
11.9150	0.077
11.9200	0.082
11.9250	0.086
11.9300	0.093
11.9350	0.097
11.9400	0.102
11.9450	0.107
11.9500	0.113
11.9550	0.118
11.9600	0.123
11.9650	0.127
11.9700	0.130
11.9750	0.135
11.9800	0.140
11.9850	0.145
11.9900	0.148
11.9950	0.152
12.0000	0.156
12.0050	0.160
12.0100	0.163
12.0150	0.167
12.0200	0.171
12.0250	0.174
12.0300	0.178
12.0350	0.181
12.0400	0.182
12.0450	0.185
12.0500	0.188
12.0550	0.190
12.0600	0.193
12.0650	0.195
12.0700	0.198
12.0750	0.199
12.0800	0.201
12.0850	0.203
12.0900	0.204
12.0950	0.206
12.1000	0.207
12.1050	0.207
12.1100	0.209
12.1150	0.209
12.1200	0.210
12.1250	0.210
12.1300	0.210
12.1350	0.210
12.1400	0.210
12.1450	0.210
12.1500	0.210
12.1550	0.210
12.1600	0.210
12.1650	0.209
12.1700	0.207
12.1750	0.207
12.1800	0.206
12.1850	0.204
12.1900	0.203
12.1950	0.201
12.2000	0.199
12.2050	0.196
12.2100	0.195
12.2150	0.192
12.2200	0.190
12.2250	0.187
12.2300	0.184
12.2350	0.182
12.2400	0.179
12.2450	0.176
12.2500	0.173
12.2550	0.168
12.2600	0.165
12.2650	0.162
12.2700	0.157
12.2750	0.154
12.2800	0.149
12.2850	0.146
12.2900	0.141
12.2950	0.137
12.3000	0.134
12.3050	0.129
12.3100	0.124
12.3150	0.119
12.3200	0.115
12.3250	0.110
12.3300	0.104
12.3350	0.099
12.3400	0.094
12.3450	0.090
12.3500	0.083
12.3550	0.079
12.3600	0.074
12.3650	0.068
12.3700	0.063
12.3750	0.057
12.3800	0.052
12.3850	0.046
12.3900	0.041
12.3950	0.035
12.4000	0.028
12.4050	0.024
12.4100	0.017
12.4150	0.011
12.4200	0.006
12.4250	0.000
12.4300	-0.005
12.4350	-0.011
12.4400	-0.017
12.4450	-0.022
12.4500	-0.028
12.4550	-0.033
12.4600	-0.039
12.4650	-0.046
12.4700	-0.050
12.4750	-0.057
12.4800	-0.061
12.4850	-0.068
12.4900	-0.072
12.4950	-0.079
12.5000	-0.083
12.5050	-0.088
12.5100	-0.094
12.5150	-0.099
12.5200	-0.104
12.5250	-0.108
12.5300	-0.113
12.5350	-0.118
12.5400	-0.123
12.5450	-0.127
12.5500	-0.132
12.5550	-0.137
12.5600	-0.140
12.5650	-0.145
12.5700	-0.149
12.5750	-0.152
12.5800	-0.157
12.5850	-0.160
12.5900	-0.163
12.5950	-0.168
12.6000	-0.171
12.6050	-0.174
12.6100	-0.178
12.6150	-0.181
12.6200	-0.182
12.6250	-0.185
12.6300	-0.188
12.6350	-0.190
12.6400	-0.193
12.6450	-0.195
12.6500	-0.196
12.6550	-0.199
12.6600	-0.201
12.6650	-0.203
12.6700	-0.204
12.6750	-0.204
12.6800	-0.206
12.6850	-0.207
12.6900	-0.207
12.6950	-0.209
12.7000	-0.209
12.7050	-0.209
12.7100	-0.209
12.7150	-0.209
12.7200	-0.209
12.7250	-0.209
12.7300	-0.209
12.7350	-0.209
12.7400	-0.209
12.7450	-0.207
12.7500	-0.206
12.7550	-0.206
12.7600	-0.204
12.7650	-0.203
12.7700	-0.201
12.7750	-0.199
12.7800	-0.196
12.7850	-0.195
12.7900	-0.193
12.7950	-0.190
12.8000	-0.187
12.8050	-0.185
12.8100	-0.182
12.8150	-0.179
12.8200	-0.176
12.8250	-0.173
12.8300	-0.170
12.8350	-0.167
12.8400	-0.163
12.8450	-0.159
12.8500	-0.156
12.8550	-0.151
12.8600	-0.148
12.8650	-0.143
12.8700	-0.138
12.8750	-0.135
12.8800	-0.130
12.8850	-0.126
12.8900	-0.121
12.8950	-0.116
12.9000	-0.112
12.9050	-0.107
12.9100	-0.102
12.9150	-0.096
12.9200	-0.091
12.9250	-0.086
12.9300	-0.082
12.9350	-0.075
12.9400	-0.071
12.9450	-0.064
12.9500	-0.060
12.9550	-0.053
12.9600	-0.049
12.9650	-0.042
12.9700	-0.038
12.9750	-0.031
12.9800	-0.025
12.9850	-0.020
12.9900	-0.014
12.9950	-0.009
13.0000	-0.003
13.0050	0.003
13.0100	0.008
13.0150	0.014
13.0200	0.019
13.0250	0.025
13.0300	0.031
13.0350	0.036
13.0400	0.042
13.0450	0.047
13.0500	0.053
13.0550	0.058
13.0600	0.064
13.0650	0.069
13.0700	0.075
13.0750	0.080
13.0800	0.085
13.0850	0.091
13.0900	0.096
13.0950	0.101
13.1000	0.105
13.1050	0.110
13.1100	0.115
13.1150	0.119
13.1200	0.124
13.1250	0.129
13.1300	0.134
13.1350	0.138
13.1400	0.143
13.1450	0.146
13.1500	0.151
13.1550	0.154
13.1600	0.159
13.1650	0.162
13.1700	0.165
13.1750	0.168
13.1800	0.171
13.1850	0.176
13.1900	0.178
13.1950	0.181
13.2000	0.184
13.2050	0.187
13.2100	0.188
13.2150	0.192
13.2200	0.193
13.2250	0.196
13.2300	0.198
13.2350	0.199
13.2400	0.201
13.2450	0.203
13.2500	0.204
13.2550	0.206
13.2600	0.206
13.2650	0.207
13.2700	0.207
13.2750	0.209
13.2800	0.209
13.2850	0.209
13.2900	0.209
13.2950	0.209
13.3000	0.209
13.3050	0.209
13.3100	0.209
13.3150	0.209
13.3200	0.207
13.3250	0.207
13.3300	0.206
13.3350	0.204
13.3400	0.203
13.3450	0.201
13.3500	0.199
13.3550	0.198
13.3600	0.196
13.3650	0.193
13.3700	0.192
13.3750	0.188
13.3800	0.187
13.3850	0.184
13.3900	0.181
13.3950	0.178
13.4000	0.174
13.4050	0.171
13.4100	0.168
13.4150	0.165
13.4200	0.162
13.4250	0.157
13.4300	0.154
13.4350	0.149
13.4400	0.146
13.4450	0.141
13.4500	0.137
13.4550	0.134
13.4600	0.129
13.4650	0.124
13.4700	0.119
13.4750	0.115
13.4800	0.110
13.4850	0.105
13.4900	0.101
13.4950	0.094
13.5000	0.090
13.5050	0.085
13.5100	0.079
13.5150	0.074
13.5200	0.069
13.5250	0.063
13.5300	0.058
13.5350	0.052
13.5400	0.047
13.5450	0.041
13.5500	0.036
13.5550	0.030
13.5600	0.024
13.5650	0.019
13.5700	0.013
13.5750	0.008
13.5800	0.002
13.5850	-0.005
13.5900	-0.009
13.5950	-0.016
13.6000	-0.020
13.6050	-0.027
13.6100	-0.033
13.6150	-0.038
13.6200	-0.044
13.6250	-0.049
13.6300	-0.055
13.6350	-0.060
13.6400	-0.066
13.6450	-0.071
13.6500	-0.075
13.6550	-0.082
13.6600	-0.086
13.6650	-0.091
13.6700	-0.097
13.6750	-0.102
13.6800	-0.107
13.6850	-0.112
13.6900	-0.116
13.6950	-0.121
13.7000	-0.126
13.7050	-0.130
13.7100	-0.135
13.7150	-0.138
13.7200	-0.143
13.7250	-0.148
13.7300	-0.151
13.7350	-0.156
13.7400	-0.159
13.7450	-0.162
13.7500	-0.165
13.7550	-0.170
13.7600	-0.173
13.7650	-0.176
13.7700	-0.178
13.7750	-0.181
13.7800	-0.184
13.7850	-0.187
13.7900	-0.188
13.7950	-0.192
13.8000	-0.193
13.8050	-0.195
13.8100	-0.198
13.8150	-0.199
13.8200	-0.201
13.8250	-0.203
13.8300	-0.203
13.8350	-0.204
13.8400	-0.206
13.8450	-0.206
13.8500	-0.207
13.8550	-0.207
13.8600	-0.207
13.8650	-0.207
13.8700	-0.207
13.8750	-0.207
13.8800	-0.207
13.8850	-0.207
13.8900	-0.207
13.8950	-0.207
13.9000	-0.206
13.9050	-0.206
13.9100	-0.204
13.9150	-0.203
13.9200	-0.201
13.9250	-0.199
13.9300	-0.198
13.9350	-0.196
13.9400	-0.193
13.9450	-0.192
13.9500	-0.190
13.9550	-0.187
13.9600	-0.184
13.9650	-0.182
13.9700	-0.179
13.9750	-0.176
13.9800	-0.173
13.9850	-0.170
13.9900	-0.167
13.9950	-0.162
14.0000	-0.159
14.0050	-0.156
14.0100	-0.151
14.0150	-0.148
14.0200	-0.143
14.0250	-0.138
14.0300	-0.135
14.0350	-0.130
14.0400	-0.126
14.0450	-0.121
14.0500	-0.116
14.0550	-0.112
14.0600	-0.107
14.0650	-0.102
14.0700	-0.097
14.0750	-0.093
14.0800	-0.086
14.0850	-0.082
14.0900	-0.077
14.0950	-0.071
14.1000	-0.066
14.1050	-0.060
14.1100	-0.055
14.1150	-0.049
14.1200	-0.044
14.1250	-0.038
14.1300	-0.033
14.1350	-0.027
14.1400	-0.020
14.1450	-0.016
14.1500	-0.009
14.1550	-0.005
14.1600	0.002
14.1650	0.006
14.1700	0.013
14.1750	0.019
14.1800	0.024
14.1850	0.030
14.1900	0.035
14.1950	0.041
14.2000	0.046
14.2050	0.052
14.2100	0.057
14.2150	0.063
14.2200	0.068
14.2250	0.074
14.2300	0.079
14.2350	0.083
14.2400	0.090
14.2450	0.094
14.2500	0.099
14.2550	0.104
14.2600	0.108
14.2650	0.113
14.2700	0.118
14.2750	0.123
14.2800	0.127
14.2850	0.132
14.2900	0.137
14.2950	0.140
14.3000	0.145
14.3050	0.149
14.3100	0.152
14.3150	0.157
14.3200	0.160
14.3250	0.163
14.3300	0.167
14.3350	0.170
14.3400	0.174
14.3450	0.176
14.3500	0.179
14.3550	0.182
14.3600	0.185
14.3650	0.187
14.3700	0.190
14.3750	0.192
14.3800	0.195
14.3850	0.196
14.3900	0.198
14.3950	0.199
14.4000	0.201
14.4050	0.203
14.4100	0.204
14.4150	0.204
14.4200	0.206
14.4250	0.207
14.4300	0.207
14.4350	0.207
14.4400	0.207
14.4450	0.207
14.4500	0.207
14.4550	0.207
14.4600	0.207
14.4650	0.207
14.4700	0.207
14.4750	0.207
14.4800	0.206
14.4850	0.204
14.4900	0.204
14.4950	0.203
14.5000	0.201
14.5050	0.199
14.5100	0.198
14.5150	0.195
14.5200	0.193
14.5250	0.192
14.5300	0.188
14.5350	0.185
14.5400	0.184
14.5450	0.181
14.5500	0.178
14.5550	0.174
14.5600	0.171
14.5650	0.168
14.5700	0.165
14.5750	0.162
14.5800	0.157
14.5850	0.154
14.5900	0.149
14.5950	0.146
14.6000	0.141
14.6050	0.138
14.6100	0.134
14.6150	0.129
14.6200	0.124
14.6250	0.119
14.6300	0.115
14.6350	0.110
14.6400	0.105
14.6450	0.101
14.6500	0.096
14.6550	0.090
14.6600	0.085
14.6650	0.080
14.6700	0.074
14.6750	0.069
14.6800	0.064
14.6850	0.058
14.6900	0.053
14.6950	0.047
14.7000	0.042
14.7050	0.036
14.7100	0.031
14.7150	0.025
14.7200	0.019
14.7250	0.014
14.7300	0.008
14.7350	0.003
14.7400	-0.003
14.7450	-0.008
14.7500	-0.014
14.7550	-0.020
14.7600	-0.025
14.7650	-0.031
14.7700	-0.036
14.7750	-0.042
14.7800	-0.047
14.7850	-0.053
14.7900	-0.058
14.7950	-0.064
14.8000	-0.069
14.8050	-0.075
14.8100	-0.080
14.8150	-0.085
14.8200	-0.090
14.8250	-0.096
14.8300	-0.101
14.8350	-0.105
14.8400	-0.110
14.8450	-0.115
14.8500	-0.119
14.8550	-0.124
14.8600	-0.129
14.8650	-0.134
14.8700	-0.137
14.8750	-0.141
14.8800	-0.145
14.8850	-0.149
14.8900	-0.152
14.8950	-0.157
14.9000	-0.160
14.9050	-0.163
14.9100	-0.168
14.9150	-0.171
14.9200	-0.174
14.9250	-0.176
14.9300	-0.179
14.9350	-0.182
14.9400	-0.185
14.9450	-0.187
14.9500	-0.190
14.9550	-0.192
14.9600	-0.193
14.9650	-0.196
14.9700	-0.198
14.9750	-0.199
14.9800	-0.201
14.9850	-0.201
14.9900	-0.203
14.9950	-0.204
15.0000	-0.204
15.0050	-0.206
15.0100	-0.206
15.0150	-0.206
15.0200	-0.207
15.0250	-0.207
15.0300	-0.207
15.0350	-0.207
15.0400	-0.207
15.0450	-0.207
15.0500	-0.206
15.0550	-0.206
15.0600	-0.204
15.0650	-0.203
15.0700	-0.201
15.0750	-0.199
15.0800	-0.199
15.0850	-0.196
15.0900	-0.195
15.0950	-0.193
15.1000	-0.192
15.1050	-0.188
15.1100	-0.187
15.1150	-0.184
15.1200	-0.181
15.1250	-0.178
15.1300	-0.176
15.1350	-0.173
15.1400	-0.170
15.1450	-0.165
15.1500	-0.162
15.1550	-0.159
15.1600	-0.156
15.1650	-0.151
15.1700	-0.148
15.1750	-0.143
15.1800	-0.138
15.1850	-0.135
15.1900	-0.130
15.1950	-0.126
15.2000	-0.121
15.2050	-0.116
15.2100	-0.112
15.2150	-0.107
15.2200	-0.102
15.2250	-0.097
15.2300	-0.093
15.2350	-0.088
15.2400	-0.082
15.2450	-0.077
15.2500	-0.072
15.2550	-0.066
15.2600	-0.061
15.2650	-0.055
15.2700	-0.050
15.2750	-0.044
15.2800	-0.039
15.2850	-0.033
15.2900	-0.028
15.2950	-0.022
15.3000	-0.017
15.3050	-0.011
15.3100	-0.005
15.3150	0.000
15.3200	0.006
15.3250	0.011
15.3300	0.017
15.3350	0.022
15.3400	0.028
15.3450	0.033
15.3500	0.039
15.3550	0.046
15.3600	0.050
15.3650	0.055
15.3700	0.061
15.3750	0.066
15.3800	0.072
15.3850	0.077
15.3900	0.082
15.3950	0.088
15.4000	0.093
15.4050	0.097
15.4100	0.102
15.4150	0.107
15.4200	0.112
15.4250	0.116
15.4300	0.121
15.4350	0.126
15.4400	0.130
15.4450	0.135
15.4500	0.138
15.4550	0.143
15.4600	0.148
15.4650	0.151
15.4700	0.154
15.4750	0.159
15.4800	0.162
15.4850	0.165
15.4900	0.168
15.4950	0.171
15.5000	0.174
15.5050	0.178
15.5100	0.181
15.5150	0.184
15.5200	0.185
15.5250	0.188
15.5300	0.190
15.5350	0.193
15.5400	0.195
15.5450	0.196
15.5500	0.198
15.5550	0.199
15.5600	0.201
15.5650	0.203
15.5700	0.203
15.5750	0.204
15.5800	0.206
15.5850	0.206
15.5900	0.206
15.5950	0.206
15.6000	0.207
15.6050	0.207
15.6100	0.207
15.6150	0.207
15.6200	0.207
15.6250	0.206
15.6300	0.206
15.6350	0.204
15.6400	0.204
15.6450	0.203
15.6500	0.201
15.6550	0.199
15.6600	0.198
15.6650	0.196
15.6700	0.195
15.6750	0.192
15.6800	0.190
15.6850	0.188
15.6900	0.185
15.6950	0.182
15.7000	0.181
15.7050	0.178
15.7100	0.174
15.7150	0.171
15.7200	0.168
15.7250	0.165
15.7300	0.160
15.7350	0.157
15.7400	0.154
15.7450	0.149
15.7500	0.146
15.7550	0.141
15.7600	0.137
15.7650	0.134
15.7700	0.129
15.7750	0.124
15.7800	0.119
15.7850	0.115
15.7900	0.110
15.7950	0.105
15.8000	0.101
15.8050	0.096
15.8100	0.091
15.8150	0.085
15.8200	0.080
15.8250	0.075
15.8300	0.069
15.8350	0.064
15.8400	0.060
15.8450	0.053
15.8500	0.049
15.8550	0.042
15.8600	0.038
15.8650	0.031
15.8700	0.027
15.8750	0.020
15.8800	0.016
15.8850	0.009
15.8900	0.003
15.8950	-0.002
15.9000	-0.008
15.9050	-0.013
15.9100	-0.019
15.9150	-0.024
15.9200	-0.030
15.9250	-0.035
15.9300	-0.041
15.9350	-0.046
15.9400	-0.052
15.9450	-0.057
15.9500	-0.063
15.9550	-0.068
15.9600	-0.074
15.9650	-0.079
15.9700	-0.083
15.9750	-0.088
15.9800	-0.094
15.9850	-0.099
15.9900	-0.104
15.9950	-0.108
16.0000	-0.113
16.0050	-0.118
16.0100	-0.123
16.0150	-0.127
16.0200	-0.130
16.0250	-0.135
16.0300	-0.140
16.0350	-0.143
16.0400	-0.148
16.0450	-0.151
16.0500	-0.156
16.0550	-0.159
16.0600	-0.162
16.0650	-0.165
16.0700	-0.168
16.0750	-0.171
16.0800	-0.174
16.0850	-0.178
16.0900	-0.181
16.0950	-0.182
16.1000	-0.185
16.1050	-0.188
16.1100	-0.190
16.1150	-0.192
16.1200	-0.195
16.1250	-0.196
16.1300	-0.198
16.1350	-0.199
16.1400	-0.199
16.1450	-0.201
16.1500	-0.203
16.1550	-0.203
16.1600	-0.204
16.1650	-0.204
16.1700	-0.204
16.1750	-0.206
16.1800	-0.206
16.1850	-0.206
16.1900	-0.206
16.1950	-0.206
16.2000	-0.206
16.2050	-0.204
16.2100	-0.204
16.2150	-0.203
16.2200	-0.203
16.2250	-0.201
16.2300	-0.199
16.2350	-0.198
16.2400	-0.196
16.2450	-0.195
16.2500	-0.192
16.2550	-0.190
16.2600	-0.188
16.2650	-0.185
16.2700	-0.184
16.2750	-0.181
16.2800	-0.178
16.2850	-0.174
16.2900	-0.171
16.2950	-0.168
16.3000	-0.165
16.3050	-0.162
16.3100	-0.159
16.3150	-0.154
16.3200	-0.151
16.3250	-0.148
16.3300	-0.143
16.3350	-0.138
16.3400	-0.135
16.3450	-0.130
16.3500	-0.126
16.3550	-0.121
16.3600	-0.116
16.3650	-0.112
16.3700	-0.107
16.3750	-0.102
16.3800	-0.097
16.3850	-0.093
16.3900	-0.088
16.3950	-0.083
16.4000	-0.077
16.4050	-0.072
16.4100	-0.068
16.4150	-0.061
16.4200	-0.057
16.4250	-0.050
16.4300	-0.046
16.4350	-0.039
16.4400	-0.035
16.4450	-0.028
16.4500	-0.024
16.4550	-0.017
16.4600	-0.013
16.4650	-0.006
16.4700	-0.002
16.4750	0.005
16.4800	0.011
16.4850	0.016
16.4900	0.022
16.4950	0.027
16.5000	0.033
16.5050	0.038
16.5100	0.044
16.5150	0.049
16.5200	0.055
16.5250	0.060
16.5300	0.064
16.5350	0.071
16.5400	0.075
16.5450	0.080
16.5500	0.086
16.5550	0.091
16.5600	0.096
16.5650	0.101
16.5700	0.105
16.5750	0.110
16.5800	0.115
16.5850	0.119
16.5900	0.124
16.5950	0.129
16.6000	0.134
16.6050	0.137
16.6100	0.141
16.6150	0.145
16.6200	0.149
16.6250	0.152
16.6300	0.157
16.6350	0.160
16.6400	0.163
16.6450	0.167
16.6500	0.170
16.6550	0.173
16.6600	0.176
16.6650	0.179
16.6700	0.182
16.6750	0.184
16.6800	0.187
16.6850	0.188
16.6900	0.190
16.6950	0.193
16.7000	0.195
16.7050	0.196
16.7100	0.198
16.7150	0.199
16.7200	0.201
16.7250	0.201
16.7300	0.203
16.7350	0.204
16.7400	0.204
16.7450	0.204
16.7500	0.206
16.7550	0.206
16.7600	0.206
16.7650	0.206
16.7700	0.206
16.7750	0.206
16.7800	0.206
16.7850	0.204
16.7900	0.204
16.7950	0.203
16.8000	0.201
16.8050	0.199
16.8100	0.199
16.8150	0.198
16.8200	0.195
16.8250	0.193
16.8300	0.192
16.8350	0.190
16.8400	0.187
16.8450	0.185
16.8500	0.182
16.8550	0.179
16.8600	0.176
16.8650	0.174
16.8700	0.170
16.8750	0.167
16.8800	0.163
16.8850	0.160
16.8900	0.157
16.8950	0.154
16.9000	0.149
16.9050	0.146
16.9100	0.141
16.9150	0.137
16.9200	0.134
16.9250	0.129
16.9300	0.124
16.9350	0.119
16.9400	0.115
16.9450	0.110
16.9500	0.105
16.9550	0.101
16.9600	0.096
16.9650	0.091
16.9700	0.086
16.9750	0.080
16.9800	0.075
16.9850	0.071
16.9900	0.064
16.9950	0.060
17.0000	0.055
17.0050	0.049
17.0100	0.044
17.0150	0.038
17.0200	0.033
17.0250	0.027
17.0300	0.022
17.0350	0.016
17.0400	0.011
17.0450	0.005
17.0500	0.000
17.0550	-0.006
17.0600	-0.013
17.0650	-0.017
17.0700	-0.024
17.0750	-0.028
17.0800	-0.035
17.0850	-0.039
17.0900	-0.046
17.0950	-0.050
17.1000	-0.055
17.1050	-0.061
17.1100	-0.066
17.1150	-0.072
17.1200	-0.077
17.1250	-0.082
17.1300	-0.086
17.1350	-0.093
17.1400	-0.097
17.1450	-0.102
17.1500	-0.107
17.1550	-0.112
17.1600	-0.116
17.1650	-0.121
17.1700	-0.126
17.1750	-0.129
17.1800	-0.134
17.1850	-0.138
17.1900	-0.141
17.1950	-0.146
17.2000	-0.149
17.2050	-0.154
17.2100	-0.157
17.2150	-0.160
17.2200	-0.163
17.2250	-0.167
17.2300	-0.170
17.2350	-0.173
17.2400	-0.176
17.2450	-0.179
17.2500	-0.182
17.2550	-0.184
17.2600	-0.187
17.2650	-0.188
17.2700	-0.190
17.2750	-0.192
17.2800	-0.195
17.2850	-0.196
17.2900	-0.198
17.2950	-0.198
17.3000	-0.199
17.3050	-0.201
17.3100	-0.201
17.3150	-0.203
17.3200	-0.203
17.3250	-0.204
17.3300	-0.204
17.3350	-0.204
17.3400	-0.204
17.3450	-0.204
17.3500	-0.204
17.3550	-0.204
17.3600	-0.204
17.3650	-0.203
17.3700	-0.203
17.3750	-0.201
17.3800	-0.199
17.3850	-0.198
17.3900	-0.196
17.3950	-0.195
17.4000	-0.193
17.4050	-0.192
17.4100	-0.190
17.4150	-0.187
17.4200	-0.185
17.4250	-0.182
17.4300	-0.179
17.4350	-0.178
17.4400	-0.174
17.4450	-0.171
17.4500	-0.168
17.4550	-0.165
17.4600	-0.162
17.4650	-0.159
17.4700	-0.154
17.4750	-0.151
17.4800	-0.146
17.4850	-0.143
17.4900	-0.138
17.4950	-0.135
17.5000	-0.130
17.5050	-0.126
17.5100	-0.121
17.5150	-0.118
17.5200	-0.113
17.5250	-0.108
17.5300	-0.104
17.5350	-0.097
17.5400	-0.093
17.5450	-0.088
17.5500	-0.083
17.5550	-0.079
17.5600	-0.072
17.5650	-0.068
17.5700	-0.063
17.5750	-0.057
17.5800	-0.052
17.5850	-0.046
17.5900	-0.041
17.5950	-0.035
17.6000	-0.030
17.6050	-0.024
17.6100	-0.019
17.6150	-0.013
17.6200	-0.008
17.6250	-0.002
17.6300	0.003
17.6350	0.009
17.6400	0.014
17.6450	0.020
17.6500	0.025
17.6550	0.031
17.6600	0.036
17.6650	0.042
17.6700	0.047
17.6750	0.053
17.6800	0.058
17.6850	0.063
17.6900	0.069
17.6950	0.074
17.7000	0.079
17.7050	0.085
17.7100	0.090
17.7150	0.094
17.7200	0.099
17.7250	0.104
17.7300	0.108
17.7350	0.113
17.7400	0.118
17.7450	0.123
17.7500	0.127
17.7550	0.132
17.7600	0.135
17.7650	0.140
17.7700	0.143
17.7750	0.148
17.7800	0.151
17.7850	0.156
17.7900	0.159
17.7950	0.162
17.8000	0.165
17.8050	0.168
17.8100	0.171
17.8150	0.174
17.8200	0.178
17.8250	0.181
17.8300	0.182
17.8350	0.185
17.8400	0.187
17.8450	0.190
17.8500	0.192
17.8550	0.193
17.8600	0.195
17.8650	0.196
17.8700	0.198
17.8750	0.199
17.8800	0.201
17.8850	0.201
17.8900	0.203
17.8950	0.203
17.9000	0.203
17.9050	0.204
17.9100	0.204
17.9150	0.204
17.9200	0.204
17.9250	0.204
17.9300	0.204
17.9350	0.204
17.9400	0.203
17.9450	0.203
17.9500	0.201
17.9550	0.201
17.9600	0.199
17.9650	0.198
17.9700	0.196
17.9750	0.195
17.9800	0.193
17.9850	0.190
17.9900	0.188
17.9950	0.187
18.0000	0.184
18.0050	0.182
18.0100	0.179
18.0150	0.176
18.0200	0.173
18.0250	0.170
18.0300	0.167
18.0350	0.163
18.0400	0.160
18.0450	0.157
18.0500	0.152
18.0550	0.149
18.0600	0.145
18.0650	0.141
18.0700	0.137
18.0750	0.134
18.0800	0.129
18.0850	0.124
18.0900	0.119
18.0950	0.115
18.1000	0.112
18.1050	0.107
18.1100	0.101
18.1150	0.096
18.1200	0.091
18.1250	0.086
18.1300	0.082
18.1350	0.075
18.1400	0.071
18.1450	0.066
18.1500	0.061
18.1550	0.055
18.1600	0.050
18.1650	0.044
18.1700	0.039
18.1750	0.033
18.1800	0.028
18.1850	0.022
18.1900	0.017
18.1950	0.011
18.2000	0.006
18.2050	0.000
18.2100	-0.005
18.2150	-0.011
18.2200	-0.016
18.2250	-0.022
18.2300	-0.027
18.2350	-0.033
18.2400	-0.038
18.2450	-0.044
18.2500	-0.049
18.2550	-0.055
18.2600	-0.060
18.2650	-0.064
18.2700	-0.071
18.2750	-0.075
18.2800	-0.080
18.2850	-0.085
18.2900	-0.091
18.2950	-0.096
18.3000	-0.101
18.3050	-0.105
18.3100	-0.110
18.3150	-0.115
18.3200	-0.119
18.3250	-0.124
18.3300	-0.127
18.3350	-0.132
18.3400	-0.137
18.3450	-0.140
18.3500	-0.145
18.3550	-0.148
18.3600	-0.151
18.3650	-0.156
18.3700	-0.159
18.3750	-0.162
18.3800	-0.165
18.3850	-0.168
18.3900	-0.171
18.3950	-0.174
18.4000	-0.178
18.4050	-0.179
18.4100	-0.182
18.4150	-0.184
18.4200	-0.187
18.4250	-0.188
18.4300	-0.190
18.4350	-0.193
18.4400	-0.195
18.4450	-0.196
18.4500	-0.196
18.4550	-0.198
18.4600	-0.199
18.4650	-0.201
18.4700	-0.201
18.4750	-0.201
18.4800	-0.203
18.4850	-0.203
18.4900	-0.203
18.4950	-0.203
18.5000	-0.203
18.5050	-0.203
18.5100	-0.203
18.5150	-0.203
18.5200	-0.201
18.5250	-0.201
18.5300	-0.199
18.5350	-0.198
18.5400	-0.198
18.5450	-0.196
18.5500	-0.195
18.5550	-0.193
18.5600	-0.190
18.5650	-0.188
18.5700	-0.187
18.5750	-0.184
18.5800	-0.182
18.5850	-0.179
18.5900	-0.176
18.5950	-0.174
18.6000	-0.171
18.6050	-0.168
18.6100	-0.165
18.6150	-0.162
18.6200	-0.157
18.6250	-0.154
18.6300	-0.151
18.6350	-0.146
18.6400	-0.143
18.6450	-0.138
18.6500	-0.135
18.6550	-0.130
18.6600	-0.126
18.6650	-0.121
18.6700	-0.118
18.6750	-0.113
18.6800	-0.108
18.6850	-0.104
18.6900	-0.099
18.6950	-0.094
18.7000	-0.088
18.7050	-0.083
18.7100	-0.079
18.7150	-0.074
18.7200	-0.068
18.7250	-0.063
18.7300	-0.058
18.7350	-0.052
18.7400	-0.047
18.7450	-0.041
18.7500	-0.036
18.7550	-0.030
18.7600	-0.025
18.7650	-0.019
18.7700	-0.014
18.7750	-0.008
18.7800	-0.003
18.7850	0.003
18.7900	0.008
18.7950	0.014
18.8000	0.019
18.8050	0.025
18.8100	0.030
18.8150	0.036
18.8200	0.041
18.8250	0.046
18.8300	0.052
18.8350	0.057
18.8400	0.063
18.8450	0.068
18.8500	0.072
18.8550	0.077
18.8600	0.083
18.8650	0.088
18.8700	0.093
18.8750	0.097
18.8800	0.102
18.8850	0.107
18.8900	0.112
18.8950	0.116
18.9000	0.121
18.9050	0.126
18.9100	0.130
18.9150	0.134
18.9200	0.138
18.9250	0.141
18.9300	0.146
18.9350	0.149
18.9400	0.154
18.9450	0.157
18.9500	0.160
18.9550	0.163
18.9600	0.167
18.9650	0.170
18.9700	0.173
18.9750	0.176
18.9800	0.178
18.9850	0.181
18.9900	0.184
18.9950	0.185
19.0000	0.188
19.0050	0.190
19.0100	0.192
19.0150	0.193
19.0200	0.195
19.0250	0.196
19.0300	0.198
19.0350	0.199
19.0400	0.199
19.0450	0.201
19.0500	0.201
19.0550	0.203
19.0600	0.203
19.0650	0.203
19.0700	0.203
19.0750	0.203
19.0800	0.203
19.0850	0.203
19.0900	0.203
19.0950	0.203
19.1000	0.201
19.1050	0.201
19.1100	0.199
19.1150	0.198
19.1200	0.196
19.1250	0.195
19.1300	0.193
19.1350	0.192
19.1400	0.190
19.1450	0.188
19.1500	0.185
19.1550	0.184
19.1600	0.181
19.1650	0.178
19.1700	0.176
19.1750	0.173
19.1800	0.170
19.1850	0.167
19.1900	0.163
19.1950	0.160
19.2000	0.157
19.2050	0.152
19.2100	0.149
19.2150	0.145
19.2200	0.141
19.2250	0.137
19.2300	0.134
19.2350	0.129
19.2400	0.124
19.2450	0.119
19.2500	0.116
19.2550	0.112
19.2600	0.107
19.2650	0.102
19.2700	0.097
19.2750	0.091
19.2800	0.086
19.2850	0.082
19.2900	0.077
19.2950	0.072
19.3000	0.066
19.3050	0.061
19.3100	0.057
19.3150	0.050
19.3200	0.046
19.3250	0.039
19.3300	0.035
19.3350	0.028
19.3400	0.024
19.3450	0.017
19.3500	0.013
19.3550	0.006
19.3600	0.002
19.3650	-0.005
19.3700	-0.009
19.3750	-0.016
19.3800	-0.020
19.3850	-0.025
19.3900	-0.031
19.3950	-0.036
19.4000	-0.042
19.4050	-0.047
19.4100	-0.053
19.4150	-0.058
19.4200	-0.063
19.4250	-0.069
19.4300	-0.074
19.4350	-0.079
19.4400	-0.083
19.4450	-0.090
19.4500	-0.094
19.4550	-0.099
19.4600	-0.104
19.4650	-0.108
19.4700	-0.113
19.4750	-0.118
19.4800	-0.123
19.4850	-0.126
19.4900	-0.130
19.4950	-0.135
19.5000	-0.138
19.5050	-0.143
19.5100	-0.146
19.5150	-0.151
19.5200	-0.154
19.5250	-0.157
19.5300	-0.160
19.5350	-0.163
19.5400	-0.167
19.5450	-0.170
19.5500	-0.173
19.5550	-0.176
19.5600	-0.178
19.5650	-0.181
19.5700	-0.182
19.5750	-0.185
19.5800	-0.187
19.5850	-0.188
19.5900	-0.192
19.5950	-0.193
19.6000	-0.195
19.6050	-0.196
19.6100	-0.196
19.6150	-0.198
19.6200	-0.199
19.6250	-0.199
19.6300	-0.201
19.6350	-0.201
19.6400	-0.201
19.6450	-0.201
19.6500	-0.201
19.6550	-0.201
19.6600	-0.201
19.6650	-0.201
19.6700	-0.201
19.6750	-0.201
19.6800	-0.199
19.6850	-0.199
19.6900	-0.198
19.6950	-0.196
19.7000	-0.195
19.7050	-0.193
19.7100	-0.192
19.7150	-0.190
19.7200	-0.188
19.7250	-0.185
19.7300	-0.184
19.7350	-0.181
19.7400	-0.179
19.7450	-0.176
19.7500	-0.173
19.7550	-0.170
19.7600	-0.167
19.7650	-0.163
19.7700	-0.160
19.7750	-0.157
19.7800	-0.154
19.7850	-0.151
19.7900	-0.146
19.7950	-0.143
19.8000	-0.138
19.8050	-0.135
19.8100	-0.130
19.8150	-0.126
19.8200	-0.121
19.8250	-0.118
19.8300	-0.113
19.8350	-0.108
19.8400	-0.104
19.8450	-0.099
19.8500	-0.094
19.8550	-0.090
19.8600	-0.083
19.8650	-0.079
19.8700	-0.074
19.8750	-0.069
19.8800	-0.063
19.8850	-0.058
19.8900	-0.053
19.8950	-0.047
19.9000	-0.042
19.9050	-0.036
19.9100	-0.031
19.9150	-0.025
19.9200	-0.020
19.9250	-0.014
19.9300	-0.009
19.9350	-0.005
19.9400	0.002
19.9450	0.006
19.9500	0.013
19.9550	0.017
19.9600	0.024
19.9650	0.028
19.9700	0.035
19.9750	0.039
19.9800	0.046
19.9850	0.050
19.9900	0.055
19.9950	0.061
20.0000	0.066
20.0050	0.071
20.0100	0.077
20.0150	0.082
20.0200	0.086
20.0250	0.091
20.0300	0.096
20.0350	0.101
20.0400	0.105
20.0450	0.110
20.0500	0.115
20.0550	0.119
20.0600	0.124
20.0650	0.127
20.0700	0.132
20.0750	0.137
20.0800	0.140
20.0850	0.145
20.0900	0.148
20.0950	0.152
20.1000	0.156
20.1050	0.159
20.1100	0.162
20.1150	0.165
20.1200	0.168
20.1250	0.171
20.1300	0.174
20.1350	0.176
20.1400	0.179
20.1450	0.182
20.1500	0.184
20.1550	0.187
20.1600	0.188
20.1650	0.190
20.1700	0.192
20.1750	0.193
20.1800	0.195
20.1850	0.196
20.1900	0.198
20.1950	0.198
20.2000	0.199
20.2050	0.199
20.2100	0.201
20.2150	0.201
20.2200	0.201
20.2250	0.201
20.2300	0.201
20.2350	0.201
20.2400	0.201
20.2450	0.201
20.2500	0.201
20.2550	0.201
20.2600	0.199
20.2650	0.198
20.2700	0.196
20.2750	0.196
20.2800	0.195
20.2850	0.193
20.2900	0.192
20.2950	0.188
20.3000	0.187
20.3050	0.185
20.3100	0.182
20.3150	0.181
20.3200	0.178
20.3250	0.174
20.3300	0.171
20.3350	0.170
20.3400	0.167
20.3450	0.163
20.3500	0.159
20.3550	0.156
20.3600	0.152
20.3650	0.149
20.3700	0.145
20.3750	0.141
20.3800	0.137
20.3850	0.132
20.3900	0.129
20.3950	0.124
20.4000	0.119
20.4050	0.115
20.4100	0.112
20.4150	0.107
20.4200	0.102
20.4250	0.097
20.4300	0.091
20.4350	0.086
20.4400	0.082
20.4450	0.077
20.4500	0.072
20.4550	0.066
20.4600	0.061
20.4650	0.057
20.4700	0.050
20.4750	0.046
20.4800	0.041
20.4850	0.035
20.4900	0.030
20.4950	0.024
20.5000	0.019
20.5050	0.013
20.5100	0.008
20.5150	0.002
20.5200	-0.003
20.5250	-0.008
20.5300	-0.014
20.5350	-0.019
20.5400	-0.025
20.5450	-0.030
20.5500	-0.036
20.5550	-0.041
20.5600	-0.047
20.5650	-0.052
20.5700	-0.057
20.5750	-0.063
20.5800	-0.068
20.5850	-0.072
20.5900	-0.077
20.5950	-0.083
20.6000	-0.088
20.6050	-0.093
20.6100	-0.097
20.6150	-0.102
20.6200	-0.107
20.6250	-0.112
20.6300	-0.116
20.6350	-0.121
20.6400	-0.124
20.6450	-0.129
20.6500	-0.134
20.6550	-0.137
20.6600	-0.141
20.6650	-0.145
20.6700	-0.149
20.6750	-0.152
20.6800	-0.156
20.6850	-0.159
20.6900	-0.162
20.6950	-0.165
20.7000	-0.168
20.7050	-0.171
20.7100	-0.174
20.7150	-0.176
20.7200	-0.179
20.7250	-0.182
20.7300	-0.184
20.7350	-0.185
20.7400	-0.188
20.7450	-0.190
20.7500	-0.192
20.7550	-0.193
20.7600	-0.195
20.7650	-0.195
20.7700	-0.196
20.7750	-0.198
20.7800	-0.198
20.7850	-0.199
20.7900	-0.199
20.7950	-0.199
20.8000	-0.199
20.8050	-0.199
20.8100	-0.199
20.8150	-0.199
20.8200	-0.199
20.8250	-0.199
20.8300	-0.199
20.8350	-0.198
20.8400	-0.198
20.8450	-0.196
20.8500	-0.195
20.8550	-0.193
20.8600	-0.192
20.8650	-0.190
20.8700	-0.188
20.8750	-0.187
20.8800	-0.185
20.8850	-0.182
20.8900	-0.181
20.8950	-0.178
20.9000	-0.174
20.9050	-0.173
20.9100	-0.170
20.9150	-0.167
20.9200	-0.163
20.9250	-0.160
20.9300	-0.157
20.9350	-0.152
20.9400	-0.149
20.9450	-0.146
20.9500	-0.141
20.9550	-0.138
20.9600	-0.134
20.9650	-0.130
20.9700	-0.126
20.9750	-0.121
20.9800	-0.118
20.9850	-0.113
20.9900	-0.108
20.9950	-0.104
21.0000	-0.099
21.0050	-0.094
21.0100	-0.090
21.0150	-0.083
21.0200	-0.079
21.0250	-0.074
21.0300	-0.069
21.0350	-0.064
21.0400	-0.058
21.0450	-0.053
21.0500	-0.049
21.0550	-0.042
21.0600	-0.038
21.0650	-0.031
21.0700	-0.027
21.0750	-0.020
21.0800	-0.016
21.0850	-0.009
21.0900	-0.005
21.0950	0.000
21.1000	0.006
21.1050	0.011
21.1100	0.017
21.1150	0.022
21.1200	0.028
21.1250	0.033
21.1300	0.039
21.1350	0.044
21.1400	0.049
21.1450	0.055
21.1500	0.060
21.1550	0.064
21.1600	0.071
21.1650	0.075
21.1700	0.080
21.1750	0.085
21.1800	0.090
21.1850	0.094
21.1900	0.099
21.1950	0.104
21.2000	0.108
21.2050	0.113
21.2100	0.118
21.2150	0.123
21.2200	0.127
21.2250	0.130
21.2300	0.135
21.2350	0.138
21.2400	0.143
21.2450	0.146
21.2500	0.151
21.2550	0.154
21.2600	0.157
21.2650	0.160
21.2700	0.163
21.2750	0.167
21.2800	0.170
21.2850	0.173
21.2900	0.174
21.2950	0.178
21.3000	0.181
21.3050	0.182
21.3100	0.184
21.3150	0.187
21.3200	0.188
21.3250	0.190
21.3300	0.192
21.3350	0.193
21.3400	0.195
21.3450	0.196
21.3500	0.196
21.3550	0.198
21.3600	0.198
21.3650	0.199
21.3700	0.199
21.3750	0.199
21.3800	0.199
21.3850	0.199
21.3900	0.199
21.3950	0.199
21.4000	0.199
21.4050	0.199
21.4100	0.199
21.4150	0.198
21.4200	0.198
21.4250	0.196
21.4300	0.195
21.4350	0.193
21.4400	0.192
21.4450	0.190
21.4500	0.188
21.4550	0.185
21.4600	0.184
21.4650	0.182
21.4700	0.179
21.4750	0.176
21.4800	0.174
21.4850	0.171
21.4900	0.168
21.4950	0.165
21.5000	0.162
21.5050	0.159
21.5100	0.156
21.5150	0.152
21.5200	0.148
21.5250	0.145
21.5300	0.140
21.5350	0.137
21.5400	0.132
21.5450	0.129
21.5500	0.124
21.5550	0.119
21.5600	0.115
21.5650	0.112
21.5700	0.107
21.5750	0.102
21.5800	0.097
21.5850	0.093
21.5900	0.088
21.5950	0.082
21.6000	0.077
21.6050	0.072
21.6100	0.068
21.6150	0.061
21.6200	0.057
21.6250	0.052
21.6300	0.046
21.6350	0.041
21.6400	0.036
21.6450	0.030
21.6500	0.025
21.6550	0.019
21.6600	0.014
21.6650	0.008
21.6700	0.003
21.6750	-0.002
21.6800	-0.008
21.6850	-0.013
21.6900	-0.019
21.6950	-0.024
21.7000	-0.030
21.7050	-0.035
21.7100	-0.039
21.7150	-0.046
21.7200	-0.050
21.7250	-0.057
21.7300	-0.061
21.7350	-0.066
21.7400	-0.071
21.7450	-0.077
21.7500	-0.082
21.7550	-0.086
21.7600	-0.091
21.7650	-0.096
21.7700	-0.101
21.7750	-0.105
21.7800	-0.110
21.7850	-0.115
21.7900	-0.119
21.7950	-0.123
21.8000	-0.127
21.8050	-0.132
21.8100	-0.135
21.8150	-0.140
21.8200	-0.143
21.8250	-0.146
21.8300	-0.151
21.8350	-0.154
21.8400	-0.157
21.8450	-0.160
21.8500	-0.163
21.8550	-0.167
21.8600	-0.170
21.8650	-0.173
21.8700	-0.174
21.8750	-0.178
21.8800	-0.181
21.8850	-0.182
21.8900	-0.184
21.8950	-0.187
21.9000	-0.188
21.9050	-0.190
21.9100	-0.192
21.9150	-0.193
21.9200	-0.193
21.9250	-0.195
21.9300	-0.196
21.9350	-0.196
21.9400	-0.198
21.9450	-0.198
21.9500	-0.198
21.9550	-0.199
21.9600	-0.199
21.9650	-0.199
21.9700	-0.199
21.9750	-0.199
21.9800	-0.199
21.9850	-0.198
21.9900	-0.198
21.9950	-0.196
22.0000	-0.195
22.0050	-0.195
22.0100	-0.193
22.0150	-0.192
22.0200	-0.190
22.0250	-0.188
22.0300	-0.185
22.0350	-0.184
22.0400	-0.182
22.0450	-0.179
22.0500	-0.178
22.0550	-0.174
22.0600	-0.171
22.0650	-0.168
22.0700	-0.167
22.0750	-0.163
22.0800	-0.160
22.0850	-0.156
22.0900	-0.152
22.0950	-0.149
22.1000	-0.146
22.1050	-0.141
22.1100	-0.138
22.1150	-0.134
22.1200	-0.130
22.1250	-0.126
22.1300	-0.121
22.1350	-0.118
22.1400	-0.113
22.1450	-0.108
22.1500	-0.104
22.1550	-0.099
22.1600	-0.094
22.1650	-0.090
22.1700	-0.085
22.1750	-0.080
22.1800	-0.074
22.1850	-0.069
22.1900	-0.064
22.1950	-0.058
22.2000	-0.053
22.2050	-0.049
22.2100	-0.044
22.2150	-0.038
22.2200	-0.033
22.2250	-0.027
22.2300	-0.022
22.2350	-0.016
22.2400	-0.011
22.2450	-0.006
22.2500	0.000
22.2550	0.005
22.2600	0.011
22.2650	0.016
22.2700	0.022
22.2750	0.027
22.2800	0.031
22.2850	0.038
22.2900	0.042
22.2950	0.049
22.3000	0.053
22.3050	0.058
22.3100	0.063
22.3150	0.069
22.3200	0.074
22.3250	0.079
22.3300	0.083
22.3350	0.088
22.3400	0.094
22.3450	0.099
22.3500	0.102
22.3550	0.107
22.3600	0.112
22.3650	0.116
22.3700	0.121
22.3750	0.126
22.3800	0.129
22.3850	0.134
22.3900	0.137
22.3950	0.141
22.4000	0.145
22.4050	0.149
22.4100	0.152
22.4150	0.156
22.4200	0.159
22.4250	0.162
22.4300	0.165
22.4350	0.168
22.4400	0.171
22.4450	0.174
22.4500	0.176
22.4550	0.179
22.4600	0.181
22.4650	0.184
22.4700	0.185
22.4750	0.187
22.4800	0.188
22.4850	0.190
22.4900	0.192
22.4950	0.193
22.5000	0.195
22.5050	0.196
22.5100	0.196
22.5150	0.198
22.5200	0.198
22.5250	0.198
22.5300	0.199
22.5350	0.199
22.5400	0.199
22.5450	0.199
22.5500	0.199
22.5550	0.199
22.5600	0.199
22.5650	0.198
22.5700	0.198
22.5750	0.196
22.5800	0.195
22.5850	0.193
22.5900	0.192
22.5950	0.190
22.6000	0.188
22.6050	0.187
22.6100	0.185
22.6150	0.184
22.6200	0.181
22.6250	0.179
22.6300	0.176
22.6350	0.173
22.6400	0.171
22.6450	0.168
22.6500	0.165
22.6550	0.162
22.6600	0.159
22.6650	0.156
22.6700	0.151
22.6750	0.148
22.6800	0.145
22.6850	0.140
22.6900	0.137
22.6950	0.132
22.7000	0.129
22.7050	0.124
22.7100	0.119
22.7150	0.116
22.7200	0.112
22.7250	0.107
22.7300	0.102
22.7350	0.097
22.7400	0.093
22.7450	0.088
22.7500	0.083
22.7550	0.077
22.7600	0.072
22.7650	0.068
22.7700	0.063
22.7750	0.057
22.7800	0.052
22.7850	0.047
22.7900	0.041
22.7950	0.036
22.8000	0.031
22.8050	0.025
22.8100	0.020
22.8150	0.014
22.8200	0.009
22.8250	0.005
22.8300	-0.002
22.8350	-0.006
22.8400	-0.013
22.8450	-0.017
22.8500	-0.024
22.8550	-0.028
22.8600	-0.033
22.8650	-0.039
22.8700	-0.044
22.8750	-0.050
22.8800	-0.055
22.8850	-0.060
22.8900	-0.064
22.8950	-0.071
22.9000	-0.075
22.9050	-0.080
22.9100	-0.085
22.9150	-0.090
22.9200	-0.094
22.9250	-0.099
22.9300	-0.104
22.9350	-0.108
22.9400	-0.113
22.9450	-0.118
22.9500	-0.121
22.9550	-0.126
22.9600	-0.130
22.9650	-0.134
22.9700	-0.138
22.9750	-0.141
22.9800	-0.146
22.9850	-0.149
22.9900	-0.152
22.9950	-0.156
23.0000	-0.159
23.0050	-0.162
23.0100	-0.165
23.0150	-0.168
23.0200	-0.171
23.0250	-0.173
23.0300	-0.176
23.0350	-0.179
23.0400	-0.181
23.0450	-0.182
23.0500	-0.185
23.0550	-0.187
23.0600	-0.188
23.0650	-0.190
23.0700	-0.192
23.0750	-0.193
23.0800	-0.193
23.0850	-0.195
23.0900	-0.195
23.0950	-0.196
23.1000	-0.196
23.1050	-0.198
23.1100	-0.198
23.1150	-0.198
23.1200	-0.198
23.1250	-0.198
23.1300	-0.198
23.1350	-0.198
23.1400	-0.196
23.1450	-0.196
23.1500	-0.195
23.1550	-0.195
23.1600	-0.193
23.1650	-0.192
23.1700	-0.190
23.1750	-0.188
23.1800	-0.187
23.1850	-0.185
23.1900	-0.184
23.1950	-0.181
23.2000	-0.179
23.2050	-0.176
23.2100	-0.174
23.2150	-0.171
23.2200	-0.168
23.2250	-0.165
23.2300	-0.162
23.2350	-0.159
23.2400	-0.156
23.2450	-0.152
23.2500	-0.149
23.2550	-0.145
23.2600	-0.141
23.2650	-0.138
23.2700	-0.134
23.2750	-0.130
23.2800	-0.126
23.2850	-0.121
23.2900	-0.118
23.2950	-0.113
23.3000	-0.108
23.3050	-0.104
23.3100	-0.099
23.3150	-0.094
23.3200	-0.090
23.3250	-0.085
23.3300	-0.080
23.3350	-0.075
23.3400	-0.069
23.3450	-0.064
23.3500	-0.060
23.3550	-0.055
23.3600	-0.049
23.3650	-0.044
23.3700	-0.038
23.3750	-0.033
23.3800	-0.028
23.3850	-0.022
23.3900	-0.017
23.3950	-0.011
23.4000	-0.006
23.4050	-0.002
23.4100	0.005
23.4150	0.009
23.4200	0.016
23.4250	0.020
23.4300	0.025
23.4350	0.031
23.4400	0.036
23.4450	0.042
23.4500	0.047
23.4550	0.052
23.4600	0.057
23.4650	0.063
23.4700	0.068
23.4750	0.072
23.4800	0.077
23.4850	0.083
23.4900	0.088
23.4950	0.093
23.5000	0.097
23.5050	0.102
23.5100	0.107
23.5150	0.112
23.5200	0.115
23.5250	0.119
23.5300	0.124
23.5350	0.127
23.5400	0.132
23.5450	0.137
23.5500	0.140
23.5550	0.143
23.5600	0.148
23.5650	0.151
23.5700	0.154
23.5750	0.157
23.5800	0.160
23.5850	0.163
23.5900	0.167
23.5950	0.170
23.6000	0.173
23.6050	0.174
23.6100	0.178
23.6150	0.179
23.6200	0.182
23.6250	0.184
23.6300	0.185
23.6350	0.187
23.6400	0.188
23.6450	0.190
23.6500	0.192
23.6550	0.193
23.6600	0.195
23.6650	0.195
23.6700	0.196
23.6750	0.196
23.6800	0.196
23.6850	0.198
23.6900	0.198
23.6950	0.198
23.7000	0.198
23.7050	0.198
23.7100	0.198
23.7150	0.198
23.7200	0.196
23.7250	0.196
23.7300	0.195
23.7350	0.195
23.7400	0.193
23.7450	0.192
23.7500	0.190
23.7550	0.188
23.7600	0.187
23.7650	0.184
23.7700	0.182
23.7750	0.181
23.7800	0.178
23.7850	0.176
23.7900	0.173
23.7950	0.170
23.8000	0.167
23.8050	0.163
23.8100	0.162
23.8150	0.157
23.8200	0.154
23.8250	0.151
23.8300	0.148
23.8350	0.145
23.8400	0.140
23.8450	0.137
23.8500	0.132
23.8550	0.129
23.8600	0.124
23.8650	0.119
23.8700	0.115
23.8750	0.112
23.8800	0.107
23.8850	0.102
23.8900	0.097
23.8950	0.093
23.9000	0.088
23.9050	0.083
23.9100	0.079
23.9150	0.072
23.9200	0.068
23.9250	0.063
23.9300	0.058
23.9350	0.052
23.9400	0.047
23.9450	0.042
23.9500	0.036
23.9550	0.031
23.9600	0.027
23.9650	0.020
23.9700	0.016
23.9750	0.009
23.9800	0.005
23.9850	0.000
23.9900	-0.006
23.9950	-0.011
24.0000	-0.017
24.0050	-0.022
24.0100	-0.027
24.0150	-0.033
24.0200	-0.038
24.0250	-0.042
24.0300	-0.049
24.0350	-0.053
24.0400	-0.058
24.0450	-0.064
24.0500	-0.069
24.0550	-0.074
24.0600	-0.079
24.0650	-0.083
24.0700	-0.088
24.0750	-0.093
24.0800	-0.097
24.0850	-0.102
24.0900	-0.107
24.0950	-0.112
24.1000	-0.116
24.1050	-0.121
24.1100	-0.124
24.1150	-0.129
24.1200	-0.132
24.1250	-0.137
24.1300	-0.140
24.1350	-0.145
24.1400	-0.148
24.1450	-0.151
24.1500	-0.154
24.1550	-0.157
24.1600	-0.160
24.1650	-0.163
24.1700	-0.167
24.1750	-0.170
24.1800	-0.173
24.1850	-0.174
24.1900	-0.178
24.1950	-0.179
24.2000	-0.181
24.2050	-0.184
24.2100	-0.185
24.2150	-0.187
24.2200	-0.188
24.2250	-0.190
24.2300	-0.192
24.2350	-0.192
24.2400	-0.193
24.2450	-0.195
24.2500	-0.195
24.2550	-0.195
24.2600	-0.196
24.2650	-0.196
24.2700	-0.196
24.2750	-0.196
24.2800	-0.196
24.2850	-0.196
24.2900	-0.196
24.2950	-0.196
24.3000	-0.195
24.3050	-0.195
24.3100	-0.193
24.3150	-0.192
24.3200	-0.190
24.3250	-0.190
24.3300	-0.188
24.3350	-0.187
24.3400	-0.184
24.3450	-0.182
24.3500	-0.181
24.3550	-0.178
24.3600	-0.176
24.3650	-0.173
24.3700	-0.170
24.3750	-0.168
24.3800	-0.165
24.3850	-0.162
24.3900	-0.159
24.3950	-0.156
24.4000	-0.152
24.4050	-0.149
24.4100	-0.145
24.4150	-0.141
24.4200	-0.138
24.4250	-0.134
24.4300	-0.130
24.4350	-0.126
24.4400	-0.121
24.4450	-0.118
24.4500	-0.113
24.4550	-0.108
24.4600	-0.104
24.4650	-0.099
24.4700	-0.094
24.4750	-0.090
24.4800	-0.085
24.4850	-0.080
24.4900	-0.075
24.4950	-0.071
24.5000	-0.064
24.5050	-0.060
24.5100	-0.055
24.5150	-0.050
24.5200	-0.044
24.5250	-0.039
24.5300	-0.033
24.5350	-0.028
24.5400	-0.024
24.5450	-0.017
24.5500	-0.013
24.5550	-0.008
24.5600	-0.002
24.5650	0.003
24.5700	0.009
24.5750	0.014
24.5800	0.019
24.5850	0.025
24.5900	0.030
24.5950	0.036
24.6000	0.041
24.6050	0.046
24.6100	0.050
24.6150	0.057
24.6200	0.061
24.6250	0.066
24.6300	0.071
24.6350	0.077
24.6400	0.082
24.6450	0.086
24.6500	0.091
24.6550	0.096
24.6600	0.101
24.6650	0.105
24.6700	0.110
24.6750	0.113
24.6800	0.118
24.6850	0.123
24.6900	0.126
24.6950	0.130
24.7000	0.134
24.7050	0.138
24.7100	0.141
24.7150	0.146
24.7200	0.149
24.7250	0.152
24.7300	0.156
24.7350	0.159
24.7400	0.162
24.7450	0.165
24.7500	0.168
24.7550	0.171
24.7600	0.173
24.7650	0.176
24.7700	0.178
24.7750	0.181
24.7800	0.182
24.7850	0.184
24.7900	0.185
24.7950	0.187
24.8000	0.188
24.8050	0.190
24.8100	0.192
24.8150	0.193
24.8200	0.193
24.8250	0.195
24.8300	0.195
24.8350	0.196
24.8400	0.196
24.8450	0.196
24.8500	0.196
24.8550	0.196
24.8600	0.196
24.8650	0.196
24.8700	0.196
24.8750	0.196
24.8800	0.195
24.8850	0.195
24.8900	0.193
24.8950	0.192
24.9000	0.190
24.9050	0.188
24.9100	0.187
24.9150	0.185
24.9200	0.184
24.9250	0.182
24.9300	0.179
24.9350	0.178
24.9400	0.174
24.9450	0.173
24.9500	0.170
24.9550	0.167
24.9600	0.163
24.9650	0.160
24.9700	0.157
24.9750	0.154
24.9800	0.151
24.9850	0.148
24.9900	0.143
24.9950	0.140
25.0000	0.137
25.0050	0.132
25.0100	0.129
25.0150	0.124
25.0200	0.119
25.0250	0.116
25.0300	0.112
25.0350	0.107
25.0400	0.102
25.0450	0.097
25.0500	0.093
25.0550	0.088
25.0600	0.083
25.0650	0.079
25.0700	0.074
25.0750	0.068
25.0800	0.063
25.0850	0.058
25.0900	0.053
25.0950	0.047
25.1000	0.042
25.1050	0.038
25.1100	0.031
25.1150	0.027
25.1200	0.022
25.1250	0.016
25.1300	0.011
25.1350	0.006
25.1400	0.000
25.1450	-0.005
25.1500	-0.011
25.1550	-0.016
25.1600	-0.020
25.1650	-0.027
25.1700	-0.031
25.1750	-0.036
25.1800	-0.042
25.1850	-0.047
25.1900	-0.052
25.1950	-0.058
25.2000	-0.063
25.2050	-0.068
25.2100	-0.072
25.2150	-0.077
25.2200	-0.082
25.2250	-0.088
25.2300	-0.093
25.2350	-0.096
25.2400	-0.101
25.2450	-0.105
25.2500	-0.110
25.2550	-0.115
25.2600	-0.119
25.2650	-0.123
25.2700	-0.127
25.2750	-0.130
25.2800	-0.135
25.2850	-0.138
25.2900	-0.143
25.2950	-0.146
25.3000	-0.149
25.3050	-0.152
25.3100	-0.156
25.3150	-0.159
25.3200	-0.162
25.3250	-0.165
25.3300	-0.168
25.3350	-0.171
25.3400	-0.173
25.3450	-0.176
25.3500	-0.178
25.3550	-0.179
25.3600	-0.182
25.3650	-0.184
25.3700	-0.185
25.3750	-0.187
25.3800	-0.188
25.3850	-0.190
25.3900	-0.192
25.3950	-0.192
25.4000	-0.193
25.4050	-0.193
25.4100	-0.195
25.4150	-0.195
25.4200	-0.195
25.4250	-0.195
25.4300	-0.195
25.4350	-0.195
25.4400	-0.195
25.4450	-0.195
25.4500	-0.195
25.4550	-0.195
25.4600	-0.193
25.4650	-0.192
25.4700	-0.192
25.4750	-0.190
25.4800	-0.188
25.4850	-0.187
25.4900	-0.185
25.4950	-0.184
25.5000	-0.182
25.5050	-0.179
25.5100	-0.178
25.5150	-0.174
25.5200	-0.173
25.5250	-0.170
25.5300	-0.167
25.5350	-0.165
25.5400	-0.162
25.5450	-0.159
25.5500	-0.156
25.5550	-0.152
25.5600	-0.148
25.5650	-0.145
25.5700	-0.141
25.5750	-0.137
25.5800	-0.134
25.5850	-0.129
25.5900	-0.126
25.5950	-0.121
25.6000	-0.118
25.6050	-0.113
25.6100	-0.108
25.6150	-0.104
25.6200	-0.099
25.6250	-0.094
25.6300	-0.090
25.6350	-0.085
25.6400	-0.080
25.6450	-0.075
25.6500	-0.071
25.6550	-0.066
25.6600	-0.060
25.6650	-0.055
25.6700	-0.050
25.6750	-0.046
25.6800	-0.039
25.6850	-0.035
25.6900	-0.030
25.6950	-0.024
25.7000	-0.019
25.7050	-0.013
25.7100	-0.008
25.7150	-0.003
25.7200	0.003
25.7250	0.008
25.7300	0.013
25.7350	0.019
25.7400	0.024
25.7450	0.030
25.7500	0.035
25.7550	0.039
25.7600	0.044
25.7650	0.050
25.7700	0.055
25.7750	0.060
25.7800	0.064
25.7850	0.071
25.7900	0.075
25.7950	0.080
25.8000	0.085
25.8050	0.090
25.8100	0.094
25.8150	0.099
25.8200	0.104
25.8250	0.108
25.8300	0.112
25.8350	0.116
25.8400	0.121
25.8450	0.126
25.8500	0.129
25.8550	0.134
25.8600	0.137
25.8650	0.140
25.8700	0.145
25.8750	0.148
25.8800	0.151
25.8850	0.154
25.8900	0.157
25.8950	0.160
25.9000	0.163
25.9050	0.167
25.9100	0.170
25.9150	0.171
25.9200	0.174
25.9250	0.176
25.9300	0.179
25.9350	0.181
25.9400	0.182
25.9450	0.184
25.9500	0.187
25.9550	0.188
25.9600	0.188
25.9650	0.190
25.9700	0.192
25.9750	0.193
25.9800	0.193
25.9850	0.193
25.9900	0.195
25.9950	0.195
26.0000	0.195
26.0050	0.195
26.0100	0.195
26.0150	0.195
26.0200	0.195
26.0250	0.195
26.0300	0.195
26.0350	0.193
26.0400	0.193
26.0450	0.192
26.0500	0.190
26.0550	0.190
26.0600	0.188
26.0650	0.187
26.0700	0.185
26.0750	0.182
26.0800	0.181
26.0850	0.179
26.0900	0.176
26.0950	0.174
26.1000	0.171
26.1050	0.168
26.1100	0.167
26.1150	0.163
26.1200	0.160
26.1250	0.157
26.1300	0.154
26.1350	0.151
26.1400	0.146
26.1450	0.143
26.1500	0.140
26.1550	0.135
26.1600	0.132
26.1650	0.127
26.1700	0.124
26.1750	0.119
26.1800	0.115
26.1850	0.112
26.1900	0.107
26.1950	0.102
26.2000	0.097
26.2050	0.093
26.2100	0.088
26.2150	0.083
26.2200	0.079
26.2250	0.074
26.2300	0.069
26.2350	0.063
26.2400	0.058
26.2450	0.053
26.2500	0.049
26.2550	0.044
26.2600	0.038
26.2650	0.033
26.2700	0.028
26.2750	0.022
26.2800	0.017
26.2850	0.013
26.2900	0.006
26.2950	0.002
26.3000	-0.005
26.3050	-0.009
26.3100	-0.014
26.3150	-0.020
26.3200	-0.025
26.3250	-0.030
26.3300	-0.036
26.3350	-0.041
26.3400	-0.046
26.3450	-0.052
26.3500	-0.057
26.3550	-0.061
26.3600	-0.066
26.3650	-0.071
26.3700	-0.075
26.3750	-0.082
26.3800	-0.086
26.3850	-0.091
26.3900	-0.096
26.3950	-0.101
26.4000	-0.104
26.4050	-0.108
26.4100	-0.113
26.4150	-0.118
26.4200	-0.121
26.4250	-0.126
26.4300	-0.129
26.4350	-0.134
26.4400	-0.137
26.4450	-0.141
26.4500	-0.145
26.4550	-0.148
26.4600	-0.151
26.4650	-0.154
26.4700	-0.157
26.4750	-0.160
26.4800	-0.163
26.4850	-0.167
26.4900	-0.170
26.4950	-0.171
26.5000	-0.174
26.5050	-0.176
26.5100	-0.179
26.5150	-0.181
26.5200	-0.182
26.5250	-0.184
26.5300	-0.185
26.5350	-0.187
26.5400	-0.188
26.5450	-0.190
26.5500	-0.190
26.5550	-0.192
26.5600	-0.192
26.5650	-0.193
26.5700	-0.193
26.5750	-0.193
26.5800	-0.193
26.5850	-0.193
26.5900	-0.193
26.5950	-0.193
26.6000	-0.193
26.6050	-0.193
26.6100	-0.193
26.6150	-0.192
26.6200	-0.192
26.6250	-0.190
26.6300	-0.188
26.6350	-0.187
26.6400	-0.185
26.6450	-0.184
26.6500	-0.182
26.6550	-0.181
26.6600	-0.179
26.6650	-0.176
26.6700	-0.174
26.6750	-0.171
26.6800	-0.170
26.6850	-0.167
26.6900	-0.163
26.6950	-0.160
26.7000	-0.157
26.7050	-0.154
26.7100	-0.151
26.7150	-0.148
26.7200	-0.145
26.7250	-0.141
26.7300	-0.137
26.7350	-0.134
26.7400	-0.129
26.7450	-0.126
26.7500	-0.121
26.7550	-0.116
26.7600	-0.113
26.7650	-0.108
26.7700	-0.104
26.7750	-0.099
26.7800	-0.094
26.7850	-0.090
26.7900	-0.085
26.7950	-0.080
26.8000	-0.075
26.8050	-0.071
26.8100	-0.066
26.8150	-0.061
26.8200	-0.055
26.8250	-0.050
26.8300	-0.046
26.8350	-0.041
26.8400	-0.035
26.8450	-0.030
26.8500	-0.025
26.8550	-0.019
26.8600	-0.014
26.8650	-0.009
26.8700	-0.003
26.8750	0.002
26.8800	0.008
26.8850	0.013
26.8900	0.017
26.8950	0.024
26.9000	0.028
26.9050	0.033
26.9100	0.038
26.9150	0.044
26.9200	0.049
26.9250	0.053
26.9300	0.058
26.9350	0.064
26.9400	0.069
26.9450	0.074
26.9500	0.079
26.9550	0.083
26.9600	0.088
26.9650	0.093
26.9700	0.097
26.9750	0.102
26.9800	0.107
26.9850	0.112
26.9900	0.115
26.9950	0.119
27.0000	0.124
27.0050	0.127
27.0100	0.132
27.0150	0.135
27.0200	0.140
27.0250	0.143
27.0300	0.146
27.0350	0.149
27.0400	0.152
27.0450	0.156
27.0500	0.159
27.0550	0.162
27.0600	0.165
27.0650	0.168
27.0700	0.170
27.0750	0.173
27.0800	0.174
27.0850	0.178
27.0900	0.179
27.0950	0.181
27.1000	0.184
27.1050	0.185
27.1100	0.187
27.1150	0.188
27.1200	0.188
27.1250	0.190
27.1300	0.192
27.1350	0.192
27.1400	0.193
27.1450	0.193
27.1500	0.193
27.1550	0.193
27.1600	0.195
27.1650	0.195
27.1700	0.195
27.1750	0.195
27.1800	0.195
27.1850	0.193
27.1900	0.193
27.1950	0.192
27.2000	0.192
27.2050	0.190
27.2100	0.188
27.2150	0.187
27.2200	0.185
27.2250	0.184
27.2300	0.182
27.2350	0.181
27.2400	0.178
27.2450	0.176
27.2500	0.173
27.2550	0.171
27.2600	0.168
27.2650	0.165
27.2700	0.162
27.2750	0.160
27.2800	0.157
27.2850	0.154
27.2900	0.149
27.2950	0.146
27.3000	0.143
27.3050	0.140
27.3100	0.135
27.3150	0.132
27.3200	0.127
27.3250	0.124
27.3300	0.119
27.3350	0.115
27.3400	0.112
27.3450	0.107
27.3500	0.102
27.3550	0.097
27.3600	0.093
27.3650	0.088
27.3700	0.083
27.3750	0.079
27.3800	0.074
27.3850	0.069
27.3900	0.064
27.3950	0.060
27.4000	0.053
27.4050	0.049
27.4100	0.044
27.4150	0.038
27.4200	0.033
27.4250	0.028
27.4300	0.024
27.4350	0.017
27.4400	0.013
27.4450	0.008
27.4500	0.002
27.4550	-0.003
27.4600	-0.008
27.4650	-0.014
27.4700	-0.019
27.4750	-0.024
27.4800	-0.030
27.4850	-0.035
27.4900	-0.039
27.4950	-0.046
27.5000	-0.050
27.5050	-0.055
27.5100	-0.060
27.5150	-0.066
27.5200	-0.071
27.5250	-0.075
27.5300	-0.080
27.5350	-0.085
27.5400	-0.090
27.5450	-0.094
27.5500	-0.099
27.5550	-0.104
27.5600	-0.107
27.5650	-0.112
27.5700	-0.116
27.5750	-0.119
27.5800	-0.124
27.5850	-0.129
27.5900	-0.132
27.5950	-0.137
27.6000	-0.140
27.6050	-0.143
27.6100	-0.146
27.6150	-0.149
27.6200	-0.152
27.6250	-0.157
27.6300	-0.159
27.6350	-0.162
27.6400	-0.165
27.6450	-0.168
27.6500	-0.170
27.6550	-0.173
27.6600	-0.174
27.6650	-0.178
27.6700	-0.179
27.6750	-0.181
27.6800	-0.182
27.6850	-0.184
27.6900	-0.185
27.6950	-0.187
27.7000	-0.188
27.7050	-0.188
27.7100	-0.190
27.7150	-0.192
27.7200	-0.192
27.7250	-0.192
27.7300	-0.192
27.7350	-0.193
27.7400	-0.193
27.7450	-0.193
27.7500	-0.193
27.7550	-0.193
27.7600	-0.193
27.7650	-0.192
27.7700	-0.192
27.7750	-0.190
27.7800	-0.188
27.7850	-0.188
27.7900	-0.187
27.7950	-0.185
27.8000	-0.184
27.8050	-0.182
27.8100	-0.179
27.8150	-0.178
27.8200	-0.176
27.8250	-0.173
27.8300	-0.171
27.8350	-0.168
27.8400	-0.165
27.8450	-0.163
27.8500	-0.160
27.8550	-0.157
27.8600	-0.154
27.8650	-0.151
27.8700	-0.148
27.8750	-0.145
27.8800	-0.140
27.8850	-0.137
27.8900	-0.134
27.8950	-0.129
27.9000	-0.126
27.9050	-0.121
27.9100	-0.116
27.9150	-0.113
27.9200	-0.108
27.9250	-0.104
27.9300	-0.099
27.9350	-0.094
27.9400	-0.090
27.9450	-0.085
27.9500	-0.080
27.9550	-0.075
27.9600	-0.071
27.9650	-0.066
27.9700	-0.061
27.9750	-0.057
27.9800	-0.050
27.9850	-0.046
27.9900	-0.041
27.9950	-0.036
28.0000	-0.030
28.0050	-0.025
28.0100	-0.020
28.0150	-0.014
28.0200	-0.009
28.0250	-0.005
28.0300	0.002
28.0350	0.006
28.0400	0.011
28.0450	0.017
28.0500	0.022
28.0550	0.027
28.0600	0.033
28.0650	0.038
28.0700	0.042
28.0750	0.047
28.0800	0.053
28.0850	0.058
28.0900	0.063
28.0950	0.068
28.1000	0.072
28.1050	0.077
28.1100	0.082
28.1150	0.086
28.1200	0.091
28.1250	0.096
28.1300	0.101
28.1350	0.105
28.1400	0.110
28.1450	0.113
28.1500	0.118
28.1550	0.123
28.1600	0.126
28.1650	0.130
28.1700	0.134
28.1750	0.138
28.1800	0.141
28.1850	0.145
28.1900	0.148
28.1950	0.151
28.2000	0.154
28.2050	0.157
28.2100	0.160
28.2150	0.163
28.2200	0.167
28.2250	0.168
28.2300	0.171
28.2350	0.174
28.2400	0.176
28.2450	0.178
28.2500	0.181
28.2550	0.182
28.2600	0.184
28.2650	0.185
28.2700	0.187
28.2750	0.187
28.2800	0.188
28.2850	0.190
28.2900	0.190
28.2950	0.192
28.3000	0.192
28.3050	0.192
28.3100	0.193
28.3150	0.193
28.3200	0.193
28.3250	0.193
28.3300	0.193
28.3350	0.193
28.3400	0.193
28.3450	0.192
28.3500	0.192
28.3550	0.190
28.3600	0.188
28.3650	0.187
28.3700	0.185
28.3750	0.184
28.3800	0.182
28.3850	0.181
28.3900	0.179
28.3950	0.178
28.4000	0.174
28.4050	0.173
28.4100	0.170
28.4150	0.168
28.4200	0.165
28.4250	0.162
28.4300	0.159
28.4350	0.156
28.4400	0.152
28.4450	0.149
28.4500	0.146
28.4550	0.143
28.4600	0.138
28.4650	0.135
28.4700	0.132
28.4750	0.127
28.4800	0.124
28.4850	0.119
28.4900	0.115
28.4950	0.112
28.5000	0.107
28.5050	0.102
28.5100	0.097
28.5150	0.093
28.5200	0.088
28.5250	0.083
28.5300	0.079
28.5350	0.074
28.5400	0.069
28.5450	0.064
28.5500	0.060
28.5550	0.055
28.5600	0.049
28.5650	0.044
28.5700	0.039
28.5750	0.035
28.5800	0.028
28.5850	0.024
28.5900	0.019
28.5950	0.013
28.6000	0.008
28.6050	0.003
28.6100	-0.003
28.6150	-0.008
28.6200	-0.013
28.6250	-0.019
28.6300	-0.024
28.6350	-0.028
28.6400	-0.033
28.6450	-0.039
28.6500	-0.044
28.6550	-0.049
28.6600	-0.053
28.6650	-0.060
28.6700	-0.064
28.6750	-0.069
28.6800	-0.074
28.6850	-0.079
28.6900	-0.083
28.6950	-0.088
28.7000	-0.093
28.7050	-0.097
28.7100	-0.102
28.7150	-0.107
28.7200	-0.110
28.7250	-0.115
28.7300	-0.119
28.7350	-0.123
28.7400	-0.127
28.7450	-0.130
28.7500	-0.135
28.7550	-0.138
28.7600	-0.141
28.7650	-0.145
28.7700	-0.149
28.7750	-0.152
28.7800	-0.156
28.7850	-0.157
28.7900	-0.160
28.7950	-0.163
28.8000	-0.167
28.8050	-0.168
28.8100	-0.171
28.8150	-0.173
28.8200	-0.176
28.8250	-0.178
28.8300	-0.179
28.8350	-0.181
28.8400	-0.182
28.8450	-0.184
28.8500	-0.185
28.8550	-0.187
28.8600	-0.188
28.8650	-0.188
28.8700	-0.190
28.8750	-0.190
28.8800	-0.190
28.8850	-0.192
28.8900	-0.192
28.8950	-0.192
28.9000	-0.192
28.9050	-0.192
28.9100	-0.192
28.9150	-0.192
28.9200	-0.190
28.9250	-0.190
28.9300	-0.188
28.9350	-0.188
28.9400	-0.187
28.9450	-0.185
28.9500	-0.184
28.9550	-0.182
28.9600	-0.181
28.9650	-0.179
28.9700	-0.178
28.9750	-0.174
28.9800	-0.173
28.9850	-0.170
28.9900	-0.168
28.9950	-0.165
29.0000	-0.162
29.0050	-0.159
29.0100	-0.157
29.0150	-0.154
29.0200	-0.151
29.0250	-0.146
29.0300	-0.143
29.0350	-0.140
29.0400	-0.137
29.0450	-0.132
29.0500	-0.129
29.0550	-0.124
29.0600	-0.121
29.0650	-0.116
29.0700	-0.113
29.0750	-0.108
29.0800	-0.104
29.0850	-0.099
29.0900	-0.094
29.0950	-0.090
29.1000	-0.085
29.1050	-0.080
29.1100	-0.075
29.1150	-0.071
29.1200	-0.066
29.1250	-0.061
29.1300	-0.057
29.1350	-0.052
29.1400	-0.046
29.1450	-0.041
29.1500	-0.036
29.1550	-0.031
29.1600	-0.025
29.1650	-0.020
29.1700	-0.016
29.1750	-0.009
29.1800	-0.005
29.1850	0.000
29.1900	0.006
29.1950	0.011
29.2000	0.016
29.2050	0.020
29.2100	0.027
29.2150	0.031
29.2200	0.036
29.2250	0.042
29.2300	0.047
29.2350	0.052
29.2400	0.057
29.2450	0.061
29.2500	0.066
29.2550	0.072
29.2600	0.077
29.2650	0.082
29.2700	0.086
29.2750	0.091
29.2800	0.094
29.2850	0.099
29.2900	0.104
29.2950	0.108
29.3000	0.113
29.3050	0.116
29.3100	0.121
29.3150	0.124
29.3200	0.129
29.3250	0.132
29.3300	0.137
29.3350	0.140
29.3400	0.143
29.3450	0.146
29.3500	0.151
29.3550	0.154
29.3600	0.157
29.3650	0.159
29.3700	0.162
29.3750	0.165
29.3800	0.168
29.3850	0.170
29.3900	0.173
29.3950	0.174
29.4000	0.176
29.4050	0.179
29.4100	0.181
29.4150	0.182
29.4200	0.184
29.4250	0.185
29.4300	0.187
29.4350	0.187
29.4400	0.188
29.4450	0.190
29.4500	0.190
29.4550	0.190
29.4600	0.192
29.4650	0.192
29.4700	0.192
29.4750	0.192
29.4800	0.192
29.4850	0.192
29.4900	0.192
29.4950	0.192
29.5000	0.190
29.5050	0.190
29.5100	0.188
29.5150	0.188
29.5200	0.187
29.5250	0.185
29.5300	0.184
29.5350	0.182
29.5400	0.181
29.5450	0.178
29.5500	0.176
29.5550	0.174
29.5600	0.171
29.5650	0.170
29.5700	0.167
29.5750	0.163
29.5800	0.162
29.5850	0.159
29.5900	0.156
29.5950	0.152
29.6000	0.149
29.6050	0.146
29.6100	0.141
29.6150	0.138
29.6200	0.135
29.6250	0.130
29.6300	0.127
29.6350	0.123
29.6400	0.119
29.6450	0.115
29.6500	0.110
29.6550	0.107
29.6600	0.102
29.6650	0.097
29.6700	0.093
29.6750	0.088
29.6800	0.083
29.6850	0.079
29.6900	0.074
29.6950	0.069
29.7000	0.064
29.7050	0.060
29.7100	0.055
29.7150	0.050
29.7200	0.044
29.7250	0.039
29.7300	0.035
29.7350	0.030
29.7400	0.024
29.7450	0.019
29.7500	0.014
29.7550	0.008
29.7600	0.003
29.7650	-0.002
29.7700	-0.006
29.7750	-0.013
29.7800	-0.017
29.7850	-0.022
29.7900	-0.028
29.7950	-0.033
29.8000	-0.038
29.8050	-0.042
29.8100	-0.049
29.8150	-0.053
29.8200	-0.058
29.8250	-0.063
29.8300	-0.068
29.8350	-0.072
29.8400	-0.077
29.8450	-0.082
29.8500	-0.086
29.8550	-0.091
29.8600	-0.096
29.8650	-0.101
29.8700	-0.105
29.8750	-0.110
29.8800	-0.113
29.8850	-0.118
29.8900	-0.121
29.8950	-0.126
29.9000	-0.129
29.9050	-0.134
29.9100	-0.137
29.9150	-0.140
29.9200	-0.145
29.9250	-0.148
29.9300	-0.151
29.9350	-0.154
29.9400	-0.157
29.9450	-0.159
29.9500	-0.162
29.9550	-0.165
29.9600	-0.168
29.9650	-0.170
29.9700	-0.171
29.9750	-0.174
29.9800	-0.176
29.9850	-0.178
29.9900	-0.179
29.9950	-0.182
30.0000	-0.182
30.0050	-0.184
30.0100	-0.185
30.0150	-0.187
30.0200	-0.187
30.0250	-0.188
30.0300	-0.188
30.0350	-0.190
30.0400	-0.190
30.0450	-0.190
30.0500	-0.190
30.0550	-0.190
30.0600	-0.190
30.0650	-0.190
30.0700	-0.190
30.0750	-0.190
30.0800	-0.188
30.0850	-0.188
30.0900	-0.187
30.0950	-0.185
30.1000	-0.184
30.1050	-0.184
30.1100	-0.182
30.1150	-0.179
30.1200	-0.178
30.1250	-0.176
30.1300	-0.174
30.1350	-0.171
30.1400	-0.170
30.1450	-0.167
30.1500	-0.165
30.1550	-0.162
30.1600	-0.159
30.1650	-0.156
30.1700	-0.152
30.1750	-0.149
30.1800	-0.146
30.1850	-0.143
30.1900	-0.140
30.1950	-0.137
30.2000	-0.132
30.2050	-0.129
30.2100	-0.124
30.2150	-0.121
30.2200	-0.116
30.2250	-0.112
30.2300	-0.108
30.2350	-0.104
30.2400	-0.099
30.2450	-0.094
30.2500	-0.090
30.2550	-0.085
30.2600	-0.080
30.2650	-0.075
30.2700	-0.071
30.2750	-0.066
30.2800	-0.061
30.2850	-0.057
30.2900	-0.052
30.2950	-0.047
30.3000	-0.041
30.3050	-0.036
30.3100	-0.031
30.3150	-0.027
30.3200	-0.020
30.3250	-0.016
30.3300	-0.011
30.3350	-0.005
30.3400	0.000
30.3450	0.005
30.3500	0.009
30.3550	0.016
30.3600	0.020
30.3650	0.025
30.3700	0.030
30.3750	0.036
30.3800	0.041
30.3850	0.046
30.3900	0.050
30.3950	0.057
30.4000	0.061
30.4050	0.066
30.4100	0.071
30.4150	0.075
30.4200	0.080
30.4250	0.085
30.4300	0.090
30.4350	0.094
30.4400	0.099
30.4450	0.102
30.4500	0.107
30.4550	0.112
30.4600	0.115
30.4650	0.119
30.4700	0.124
30.4750	0.127
30.4800	0.132
30.4850	0.135
30.4900	0.138
30.4950	0.141
30.5000	0.146
30.5050	0.149
30.5100	0.152
30.5150	0.156
